0.000000,0.142857,0.142857,0.142857,0.142857,0.142857,0.142857,0.142857,0.142857,0.142857,0.142857,0.142857,0.142857,0.142857,0.142857,0.142857,0.142857,0.142857,0.142857,0.142857,0.142857,0.142857,0.142857,0.142857,0.142857,0.142857,0.142857,0.142857,0.142857,0.142857,0.142857,0.142857,0.142857,0.142857,0.142857,0.142857
0.014671,0.142431,0.143279,0.143566,0.143469,0.143085,0.142477,0.141693,0.142431,0.143279,0.143566,0.143469,0.143085,0.142477,0.141693,0.142431,0.143279,0.143566,0.143469,0.143085,0.142477,0.141693,0.142431,0.143279,0.143566,0.143469,0.143085,0.142477,0.141693,0.142431,0.143279,0.143566,0.143469,0.143085,0.142477,0.141693
0.030842,0.141947,0.143735,0.144346,0.144146,0.143338,0.142063,0.140426,0.141947,0.143735,0.144346,0.144146,0.143338,0.142063,0.140426,0.141947,0.143735,0.144346,0.144146,0.143338,0.142063,0.140426,0.141947,0.143735,0.144346,0.144146,0.143338,0.142063,0.140426,0.141947,0.143735,0.144346,0.144146,0.143338,0.142063,0.140426
0.048665,0.141394,0.144227,0.145205,0.144894,0.143619,0.141612,0.139049,0.141394,0.144227,0.145205,0.144894,0.143619,0.141612,0.139049,0.141394,0.144227,0.145205,0.144894,0.143619,0.141612,0.139049,0.141394,0.144227,0.145205,0.144894,0.143619,0.141612,0.139049,0.141394,0.144227,0.145205,0.144894,0.143619,0.141612,0.139049
0.068309,0.140766,0.144757,0.146151,0.145721,0.143931,0.141122,0.137553,0.140766,0.144757,0.146151,0.145721,0.143931,0.141122,0.137553,0.140766,0.144757,0.146151,0.145721,0.143931,0.141122,0.137553,0.140766,0.144757,0.146151,0.145721,0.143931,0.141122,0.137553,0.140766,0.144757,0.146151,0.145721,0.143931,0.141122,0.137553
0.089962,0.14005,0.145327,0.147192,0.146636,0.144278,0.140588,0.135929,0.14005,0.145327,0.147192,0.146636,0.144278,0.140588,0.135929,0.14005,0.145327,0.147192,0.146636,0.144278,0.140588,0.135929,0.14005,0.145327,0.147192,0.146636,0.144278,0.140588,0.135929,0.14005,0.145327,0.147192,0.146636,0.144278,0.140588,0.135929
0.113829,0.139236,0.145939,0.148337,0.147647,0.144664,0.140007,0.13417,0.139236,0.145939,0.148337,0.147647,0.144664,0.140007,0.13417,0.139236,0.145939,0.148337,0.147647,0.144664,0.140007,0.13417,0.139236,0.145939,0.148337,0.147647,0.144664,0.140007,0.13417,0.139236,0.145939,0.148337,0.147647,0.144664,0.140007,0.13417
0.140134,0.138311,0.146593,0.149598,0.148766,0.145091,0.139376,0.132266,0.138311,0.146593,0.149598,0.148766,0.145091,0.139376,0.132266,0.138311,0.146593,0.149598,0.148766,0.145091,0.139376,0.132266,0.138311,0.146593,0.149598,0.148766,0.145091,0.139376,0.132266,0.138311,0.146593,0.149598,0.148766,0.145091,0.139376,0.132266
0.169126,0.137261,0.14729,0.150984,0.150003,0.145565,0.138689,0.130207,0.137261,0.14729,0.150984,0.150003,0.145565,0.138689,0.130207,0.137261,0.14729,0.150984,0.150003,0.145565,0.138689,0.130207,0.137261,0.14729,0.150984,0.150003,0.145565,0.138689,0.130207,0.137261,0.14729,0.150984,0.150003,0.145565,0.138689,0.130207
0.201078,0.136072,0.148032,0.152509,0.15137,0.14609,0.137943,0.127985,0.136072,0.148032,0.152509,0.15137,0.14609,0.137943,0.127985,0.136072,0.148032,0.152509,0.15137,0.14609,0.137943,0.127985,0.136072,0.148032,0.152509,0.15137,0.14609,0.137943,0.127985,0.136072,0.148032,0.152509,0.15137,0.14609,0.137943,0.127985
0.236289,0.134726,0.148817,0.154185,0.152883,0.14667,0.13713,0.125589,0.134726,0.148817,0.154185,0.152883,0.14667,0.13713,0.125589,0.134726,0.148817,0.154185,0.152883,0.14667,0.13713,0.125589,0.134726,0.148817,0.154185,0.152883,0.14667,0.13713,0.125589,0.134726,0.148817,0.154185,0.152883,0.14667,0.13713,0.125589
0.275090,0.133206,0.149645,0.156027,0.154554,0.14731,0.136246,0.123012,0.133206,0.149645,0.156027,0.154554,0.14731,0.136246,0.123012,0.133206,0.149645,0.156027,0.154554,0.14731,0.136246,0.123012,0.133206,0.149645,0.156027,0.154554,0.14731,0.136246,0.123012,0.133206,0.149645,0.156027,0.154554,0.14731,0.136246,0.123012
0.317840,0.131495,0.150514,0.158051,0.1564,0.148014,0.135283,0.120242,0.131495,0.150514,0.158051,0.1564,0.148014,0.135283,0.120242,0.131495,0.150514,0.158051,0.1564,0.148014,0.135283,0.120242,0.131495,0.150514,0.158051,0.1564,0.148014,0.135283,0.120242,0.131495,0.150514,0.158051,0.1564,0.148014,0.135283,0.120242
0.364938,0.129574,0.151422,0.160272,0.158439,0.148788,0.134233,0.117272,0.129574,0.151422,0.160272,0.158439,0.148788,0.134233,0.117272,0.129574,0.151422,0.160272,0.158439,0.148788,0.134233,0.117272,0.129574,0.151422,0.160272,0.158439,0.148788,0.134233,0.117272,0.129574,0.151422,0.160272,0.158439,0.148788,0.134233,0.117272
0.416818,0.127423,0.152364,0.16271,0.16069,0.149634,0.133086,0.114092,0.127423,0.152364,0.16271,0.16069,0.149634,0.133086,0.114092,0.127423,0.152364,0.16271,0.16069,0.149634,0.133086,0.114092,0.127423,0.152364,0.16271,0.16069,0.149634,0.133086,0.114092,0.127423,0.152364,0.16271,0.16069,0.149634,0.133086,0.114092
0.473956,0.125023,0.153334,0.165382,0.163173,0.150558,0.131834,0.110697,0.125023,0.153334,0.165382,0.163173,0.150558,0.131834,0.110697,0.125023,0.153334,0.165382,0.163173,0.150558,0.131834,0.110697,0.125023,0.153334,0.165382,0.163173,0.150558,0.131834,0.110697,0.125023,0.153334,0.165382,0.163173,0.150558,0.131834,0.110697
0.536873,0.122356,0.154324,0.168308,0.165909,0.151561,0.130463,0.107079,0.122356,0.154324,0.168308,0.165909,0.151561,0.130463,0.107079,0.122356,0.154324,0.168308,0.165909,0.151561,0.130463,0.107079,0.122356,0.154324,0.168308,0.165909,0.151561,0.130463,0.107079,0.122356,0.154324,0.168308,0.165909,0.151561,0.130463,0.107079
0.606140,0.119402,0.155324,0.171511,0.168922,0.152645,0.128962,0.103234,0.119402,0.155324,0.171511,0.168922,0.152645,0.128962,0.103234,0.119402,0.155324,0.171511,0.168922,0.152645,0.128962,0.103234,0.119402,0.155324,0.171511,0.168922,0.152645,0.128962,0.103234,0.119402,0.155324,0.171511,0.168922,0.152645,0.128962,0.103234
0.682376,0.116147,0.156321,0.17501,0.172236,0.153811,0.127314,0.0991597,0.116147,0.156321,0.17501,0.172236,0.153811,0.127314,0.0991597,0.116147,0.156321,0.17501,0.172236,0.153811,0.127314,0.0991597,0.116147,0.156321,0.17501,0.172236,0.153811,0.127314,0.0991597,0.116147,0.156321,0.17501,0.172236,0.153811,0.127314,0.0991597
0.766256,0.112577,0.1573,0.17883,0.175876,0.155057,0.125504,0.0948567,0.112577,0.1573,0.17883,0.175876,0.155057,0.125504,0.0948567,0.112577,0.1573,0.17883,0.175876,0.155057,0.125504,0.0948567,0.112577,0.1573,0.17883,0.175876,0.155057,0.125504,0.0948567,0.112577,0.1573,0.17883,0.175876,0.155057,0.125504,0.0948567
0.858512,0.108681,0.158239,0.182991,0.179869,0.156378,0.123513,0.0903289,0.108681,0.158239,0.182991,0.179869,0.156378,0.123513,0.0903289,0.108681,0.158239,0.182991,0.179869,0.156378,0.123513,0.0903289,0.108681,0.158239,0.182991,0.179869,0.156378,0.123513,0.0903289,0.108681,0.158239,0.182991,0.179869,0.156378,0.123513,0.0903289
0.959936,0.104455,0.159116,0.187516,0.184239,0.157768,0.121322,0.0855847,0.104455,0.159116,0.187516,0.184239,0.157768,0.121322,0.0855847,0.104455,0.159116,0.187516,0.184239,0.157768,0.121322,0.0855847,0.104455,0.159116,0.187516,0.184239,0.157768,0.121322,0.0855847,0.104455,0.159116,0.187516,0.184239,0.157768,0.121322,0.0855847
1.071380,0.0998965,0.159903,0.192425,0.189014,0.159214,0.118909,0.0806374,0.0998965,0.159903,0.192425,0.189014,0.159214,0.118909,0.0806374,0.0998965,0.159903,0.192425,0.189014,0.159214,0.118909,0.0806374,0.0998965,0.159903,0.192425,0.189014,0.159214,0.118909,0.0806374,0.0998965,0.159903,0.192425,0.189014,0.159214,0.118909,0.0806374
1.193761,0.0950137,0.160565,0.19774,0.194219,0.160702,0.116254,0.0755063,0.0950137,0.160565,0.19774,0.194219,0.160702,0.116254,0.0755063,0.0950137,0.160565,0.19774,0.194219,0.160702,0.116254,0.0755063,0.0950137,0.160565,0.19774,0.194219,0.160702,0.116254,0.0755063,0.0950137,0.160565,0.19774,0.194219,0.160702,0.116254,0.0755063
1.328058,0.0898206,0.161065,0.203475,0.199878,0.16221,0.113334,0.0702174,0.0898206,0.161065,0.203475,0.199878,0.16221,0.113334,0.0702174,0.0898206,0.161065,0.203475,0.199878,0.16221,0.113334,0.0702174,0.0898206,0.161065,0.203475,0.199878,0.16221,0.113334,0.0702174,0.0898206,0.161065,0.203475,0.199878,0.16221,0.113334,0.0702174
1.475319,0.0843404,0.16136,0.209645,0.206012,0.163711,0.110128,0.0648038,0.0843404,0.16136,0.209645,0.206012,0.163711,0.110128,0.0648038,0.0843404,0.16136,0.209645,0.206012,0.163711,0.110128,0.0648038,0.0843404,0.16136,0.209645,0.206012,0.163711,0.110128,0.0648038,0.0843404,0.16136,0.209645,0.206012,0.163711,0.110128,0.0648038
1.636657,0.078606,0.161401,0.21626,0.21264,0.165172,0.106615,0.059306,0.078606,0.161401,0.21626,0.21264,0.165172,0.106615,0.059306,0.078606,0.161401,0.21626,0.21264,0.165172,0.106615,0.059306,0.078606,0.161401,0.21626,0.21264,0.165172,0.106615,0.059306,0.078606,0.161401,0.21626,0.21264,0.165172,0.106615,0.059306
1.813259,0.0726605,0.161135,0.223323,0.219776,0.166553,0.102781,0.0537719,0.0726605,0.161135,0.223323,0.219776,0.166553,0.102781,0.0537719,0.0726605,0.161135,0.223323,0.219776,0.166553,0.102781,0.0537719,0.0726605,0.161135,0.223323,0.219776,0.166553,0.102781,0.0537719,0.0726605,0.161135,0.223323,0.219776,0.166553,0.102781,0.0537719
2.006385,0.0665574,0.160505,0.230833,0.22743,0.167806,0.0986125,0.048256,0.0665574,0.160505,0.230833,0.22743,0.167806,0.0986125,0.048256,0.0665574,0.160505,0.230833,0.22743,0.167806,0.0986125,0.048256,0.0665574,0.160505,0.230833,0.22743,0.167806,0.0986125,0.048256,0.0665574,0.160505,0.230833,0.22743,0.167806,0.0986125,0.048256
2.217377,0.0603598,0.159453,0.238782,0.235605,0.168877,0.0941045,0.0428185,0.0603598,0.159453,0.238782,0.235605,0.168877,0.0941045,0.0428185,0.0603598,0.159453,0.238782,0.235605,0.168877,0.0941045,0.0428185,0.0603598,0.159453,0.238782,0.235605,0.168877,0.0941045,0.0428185,0.0603598,0.159453,0.238782,0.235605,0.168877,0.0941045,0.0428185
2.447672,0.0541398,0.157919,0.247152,0.2443,0.169707,0.08926,0.0375231,0.0541398,0.157919,0.247152,0.2443,0.169707,0.08926,0.0375231,0.0541398,0.157919,0.247152,0.2443,0.169707,0.08926,0.0375231,0.0541398,0.157919,0.247152,0.2443,0.169707,0.08926,0.0375231,0.0541398,0.157919,0.247152,0.2443,0.169707,0.08926,0.0375231
2.698809,0.0479761,0.155842,0.255922,0.253506,0.170227,0.0840916,0.0324351,0.0479761,0.155842,0.255922,0.253506,0.170227,0.0840916,0.0324351,0.0479761,0.155842,0.255922,0.253506,0.170227,0.0840916,0.0324351,0.0479761,0.155842,0.255922,0.253506,0.170227,0.0840916,0.0324351,0.0479761,0.155842,0.255922,0.253506,0.170227,0.0840916,0.0324351
2.972454,0.041952,0.153169,0.26506,0.263209,0.170369,0.0786234,0.0276183,0.041952,0.153169,0.26506,0.263209,0.170369,0.0786234,0.0276183,0.041952,0.153169,0.26506,0.263209,0.170369,0.0786234,0.0276183,0.041952,0.153169,0.26506,0.263209,0.170369,0.0786234,0.0276183,0.041952,0.153169,0.26506,0.263209,0.170369,0.0786234,0.0276183
3.270415,0.0361519,0.14985,0.274527,0.273388,0.17006,0.0728921,0.0231315,0.0361519,0.14985,0.274527,0.273388,0.17006,0.0728921,0.0231315,0.0361519,0.14985,0.274527,0.273388,0.17006,0.0728921,0.0231315,0.0361519,0.14985,0.274527,0.273388,0.17006,0.0728921,0.0231315,0.0361519,0.14985,0.274527,0.273388,0.17006,0.0728921,0.0231315
3.594674,0.0306574,0.145844,0.28428,0.284019,0.169226,0.0669475,0.0190257,0.0306574,0.145844,0.28428,0.284019,0.169226,0.0669475,0.0190257,0.0306574,0.145844,0.28428,0.284019,0.169226,0.0669475,0.0190257,0.0306574,0.145844,0.28428,0.284019,0.169226,0.0669475,0.0190257,0.0306574,0.145844,0.28428,0.284019,0.169226,0.0669475,0.0190257
3.947414,0.0255438,0.141125,0.294269,0.295072,0.167798,0.0608521,0.0153407,0.0255438,0.141125,0.294269,0.295072,0.167798,0.0608521,0.0153407,0.0255438,0.141125,0.294269,0.295072,0.167798,0.0608521,0.0153407,0.0255438,0.141125,0.294269,0.295072,0.167798,0.0608521,0.0153407,0.0255438,0.141125,0.294269,0.295072,0.167798,0.0608521,0.0153407
4.331053,0.0208753,0.135682,0.304438,0.306514,0.165709,0.0546801,0.0121029,0.0208753,0.135682,0.304438,0.306514,0.165709,0.0546801,0.0121029,0.0208753,0.135682,0.304438,0.306514,0.165709,0.0546801,0.0121029,0.0208753,0.135682,0.304438,0.306514,0.165709,0.0546801,0.0121029,0.0208753,0.135682,0.304438,0.306514,0.165709,0.0546801,0.0121029
4.748283,0.0167018,0.12952,0.314729,0.318311,0.1629,0.0485155,0.00932291,0.0167018,0.12952,0.314729,0.318311,0.1629,0.0485155,0.00932291,0.0167018,0.12952,0.314729,0.318311,0.1629,0.0485155,0.00932291,0.0167018,0.12952,0.314729,0.318311,0.1629,0.0485155,0.00932291,0.0167018,0.12952,0.314729,0.318311,0.1629,0.0485155,0.00932291
5.202104,0.013055,0.122668,0.32508,0.330427,0.159325,0.0424492,0.00699561,0.013055,0.122668,0.32508,0.330427,0.159325,0.0424492,0.00699561,0.013055,0.122668,0.32508,0.330427,0.159325,0.0424492,0.00699561,0.013055,0.122668,0.32508,0.330427,0.159325,0.0424492,0.00699561,0.013055,0.122668,0.32508,0.330427,0.159325,0.0424492,0.00699561
5.695868,0.00994723,0.115176,0.335429,0.342826,0.154946,0.0365749,0.00510033,0.00994723,0.115176,0.335429,0.342826,0.154946,0.0365749,0.00510033,0.00994723,0.115176,0.335429,0.342826,0.154946,0.0365749,0.00510033,0.00994723,0.115176,0.335429,0.342826,0.154946,0.0365749,0.00510033,0.00994723,0.115176,0.335429,0.342826,0.154946,0.0365749,0.00510033
6.233320,0.00736994,0.107119,0.34571,0.355469,0.149745,0.030985,0.00360282,0.00736994,0.107119,0.34571,0.355469,0.149745,0.030985,0.00360282,0.00736994,0.107119,0.34571,0.355469,0.149745,0.030985,0.00360282,0.00736994,0.107119,0.34571,0.355469,0.149745,0.030985,0.00360282,0.00736994,0.107119,0.34571,0.355469,0.149745,0.030985,0.00360282
6.818629,0.00529529,0.0985916,0.355853,0.368317,0.143719,0.0257655,0.00245811,0.00529529,0.0985916,0.355853,0.368317,0.143719,0.0257655,0.00245811,0.00529529,0.0985916,0.355853,0.368317,0.143719,0.0257655,0.00245811,0.00529529,0.0985916,0.355853,0.368317,0.143719,0.0257655,0.00245811,0.00529529,0.0985916,0.355853,0.368317,0.143719,0.0257655,0.00245811
7.456434,0.00367866,0.0897129,0.365786,0.38133,0.136887,0.0209913,0.0016143,0.00367866,0.0897129,0.365786,0.38133,0.136887,0.0209913,0.0016143,0.00367866,0.0897129,0.365786,0.38133,0.136887,0.0209913,0.0016143,0.00367866,0.0897129,0.365786,0.38133,0.136887,0.0209913,0.0016143,0.00367866,0.0897129,0.365786,0.38133,0.136887,0.0209913,0.0016143
8.151873,0.00246286,0.080618,0.375429,0.394462,0.12929,0.0167214,0.00101659,0.00246286,0.080618,0.375429,0.394462,0.12929,0.0167214,0.00101659,0.00246286,0.080618,0.375429,0.394462,0.12929,0.0167214,0.00101659,0.00246286,0.080618,0.375429,0.394462,0.12929,0.0167214,0.00101659,0.00246286,0.080618,0.375429,0.394462,0.12929,0.0167214,0.00101659
8.910624,0.00158328,0.0714563,0.384694,0.407666,0.120994,0.0129949,0.000611353,0.00158328,0.0714563,0.384694,0.407666,0.120994,0.0129949,0.000611353,0.00158328,0.0714563,0.384694,0.407666,0.120994,0.0129949,0.000611353,0.00158328,0.0714563,0.384694,0.407666,0.120994,0.0129949,0.000611353,0.00158328,0.0714563,0.384694,0.407666,0.120994,0.0129949,0.000611353
9.738945,0.000973379,0.0623859,0.393481,0.420888,0.112093,0.00982862,0.000349501,0.000973379,0.0623859,0.393481,0.420888,0.112093,0.00982862,0.000349501,0.000973379,0.0623859,0.393481,0.420888,0.112093,0.00982862,0.000349501,0.000973379,0.0623859,0.393481,0.420888,0.112093,0.00982862,0.000349501,0.000973379,0.0623859,0.393481,0.420888,0.112093,0.00982862,0.000349501
10.643713,0.000569701,0.0535677,0.401678,0.434074,0.102706,0.00721585,0.000189002,0.000569701,0.0535677,0.401678,0.434074,0.102706,0.00721585,0.000189002,0.000569701,0.0535677,0.401678,0.434074,0.102706,0.00721585,0.000189002,0.000569701,0.0535677,0.401678,0.434074,0.102706,0.00721585,0.000189002,0.000569701,0.0535677,0.401678,0.434074,0.102706,0.00721585,0.000189002
11.632490,0.000315837,0.0451592,0.409162,0.447165,0.0929749,0.00512759,9.61596e-05,0.000315837,0.0451592,0.409162,0.447165,0.0929749,0.00512759,9.61596e-05,0.000315837,0.0451592,0.409162,0.447165,0.0929749,0.00512759,9.61596e-05,0.000315837,0.0451592,0.409162,0.447165,0.0929749,0.00512759,9.61596e-05,0.000315837,0.0451592,0.409162,0.447165,0.0929749,0.00512759,9.61596e-05
12.713586,0.000164931,0.0373074,0.415802,0.460102,0.0830626,0.00351565,4.57556e-05,0.000164931,0.0373074,0.415802,0.460102,0.0830626,0.00351565,4.57556e-05,0.000164931,0.0373074,0.415802,0.460102,0.0830626,0.00351565,4.57556e-05,0.000164931,0.0373074,0.415802,0.460102,0.0830626,0.00351565,4.57556e-05,0.000164931,0.0373074,0.415802,0.460102,0.0830626,0.00351565,4.57556e-05
13.896164,8.06332e-05,0.0301412,0.421469,0.472827,0.0731445,0.00231771,2.02286e-05,8.06332e-05,0.0301412,0.421469,0.472827,0.0731445,0.00231771,2.02286e-05,8.06332e-05,0.0301412,0.421469,0.472827,0.0731445,0.00231771,2.02286e-05,8.06332e-05,0.0301412,0.421469,0.472827,0.0731445,0.00231771,2.02286e-05,8.06332e-05,0.0301412,0.421469,0.472827,0.0731445,0.00231771,2.02286e-05
15.190346,3.66636e-05,0.0237632,0.426048,0.485279,0.0634008,0.00146348,8.24851e-06,3.66636e-05,0.0237632,0.426048,0.485279,0.0634008,0.00146348,8.24851e-06,3.66636e-05,0.0237632,0.426048,0.485279,0.0634008,0.00146348,8.24851e-06,3.66636e-05,0.0237632,0.426048,0.485279,0.0634008,0.00146348,8.24851e-06,3.66636e-05,0.0237632,0.426048,0.485279,0.0634008,0.00146348,8.24851e-06
16.607361,1.5397e-05,0.0182418,0.429455,0.497396,0.0540076,0.000881202,3.07673e-06,1.5397e-05,0.0182418,0.429455,0.497396,0.0540076,0.000881202,3.07673e-06,1.5397e-05,0.0182418,0.429455,0.497396,0.0540076,0.000881202,3.07673e-06,1.5397e-05,0.0182418,0.429455,0.497396,0.0540076,0.000881202,3.07673e-06,1.5397e-05,0.0182418,0.429455,0.497396,0.0540076,0.000881202,3.07673e-06
18.159691,5.92869e-06,0.0136048,0.431652,0.509103,0.0451295,0.000503435,1.04003e-06,5.92869e-06,0.0136048,0.431652,0.509103,0.0451295,0.000503435,1.04003e-06,5.92869e-06,0.0136048,0.431652,0.509103,0.0451295,0.000503435,1.04003e-06,5.92869e-06,0.0136048,0.431652,0.509103,0.0451295,0.000503435,1.04003e-06,5.92869e-06,0.0136048,0.431652,0.509103,0.0451295,0.000503435,1.04003e-06
19.861237,2.07756e-06,0.00983682,0.432662,0.520315,0.0369123,0.00027132,3.1523e-07,2.07756e-06,0.00983682,0.432662,0.520315,0.0369123,0.00027132,3.1523e-07,2.07756e-06,0.00983682,0.432662,0.520315,0.0369123,0.00027132,3.1523e-07,2.07756e-06,0.00983682,0.432662,0.520315,0.0369123,0.00027132,3.1523e-07,2.07756e-06,0.00983682,0.432662,0.520315,0.0369123,0.00027132,3.1523e-07
21.727465,6.57458e-07,0.00688116,0.432575,0.530929,0.0294777,0.000137035,8.46472e-08,6.57458e-07,0.00688116,0.432575,0.530929,0.0294777,0.000137035,8.46472e-08,6.57458e-07,0.00688116,0.432575,0.530929,0.0294777,0.000137035,8.46472e-08,6.57458e-07,0.00688116,0.432575,0.530929,0.0294777,0.000137035,8.46472e-08,6.57458e-07,0.00688116,0.432575,0.530929,0.0294777,0.000137035,8.46472e-08
23.775534,1.86381e-07,0.00464764,0.43154,0.540829,0.0229184,6.43812e-05,1.98673e-08,1.86381e-07,0.00464764,0.43154,0.540829,0.0229184,6.43812e-05,1.98673e-08,1.86381e-07,0.00464764,0.43154,0.540829,0.0229184,6.43812e-05,1.98673e-08,1.86381e-07,0.00464764,0.43154,0.540829,0.0229184,6.43812e-05,1.98673e-08,1.86381e-07,0.00464764,0.43154,0.540829,0.0229184,6.43812e-05,1.98673e-08
26.024413,4.69228e-08,0.00302447,0.429756,0.549899,0.0172927,2.79056e-05,4.01529e-09,4.69228e-08,0.00302447,0.429756,0.549899,0.0172927,2.79056e-05,4.01529e-09,4.69228e-08,0.00302447,0.429756,0.549899,0.0172927,2.79056e-05,4.01529e-09,4.69228e-08,0.00302447,0.429756,0.549899,0.0172927,2.79056e-05,4.01529e-09,4.69228e-08,0.00302447,0.429756,0.549899,0.0172927,2.79056e-05,4.01529e-09
28.494988,1.039e-08,0.00189181,0.427438,0.558039,0.0126196,1.10595e-05,6.87467e-10,1.039e-08,0.00189181,0.427438,0.558039,0.0126196,1.10595e-05,6.87467e-10,1.039e-08,0.00189181,0.427438,0.558039,0.0126196,1.10595e-05,6.87467e-10,1.039e-08,0.00189181,0.427438,0.558039,0.0126196,1.10595e-05,6.87467e-10,1.039e-08,0.00189181,0.427438,0.558039,0.0126196,1.10595e-05,6.87467e-10
31.210190,2.00114e-09,0.00113418,0.4248,0.565186,0.00887504,3.96932e-06,9.79669e-11,2.00114e-09,0.00113418,0.4248,0.565186,0.00887504,3.96932e-06,9.79669e-11,2.00114e-09,0.00113418,0.4248,0.565186,0.00887504,3.96932e-06,9.79669e-11,2.00114e-09,0.00113418,0.4248,0.565186,0.00887504,3.96932e-06,9.79669e-11,2.00114e-09,0.00113418,0.4248,0.565186,0.00887504,3.96932e-06,9.79669e-11
34.195155,3.30957e-10,0.000649451,0.422026,0.57133,0.00599281,1.27703e-06,1.14017e-11,3.30957e-10,0.000649451,0.422026,0.57133,0.00599281,1.27703e-06,1.14017e-11,3.30957e-10,0.000649451,0.422026,0.57133,0.00599281,1.27703e-06,1.14017e-11,3.30957e-10,0.000649451,0.422026,0.57133,0.00599281,1.27703e-06,1.14017e-11,3.30957e-10,0.000649451,0.422026,0.57133,0.00599281,1.27703e-06,1.14017e-11
37.477421,4.63006e-11,0.000353692,0.419257,0.576518,0.00387046,3.6432e-07,1.06191e-12,4.63006e-11,0.000353692,0.419257,0.576518,0.00387046,3.6432e-07,1.06191e-12,4.63006e-11,0.000353692,0.419257,0.576518,0.00387046,3.6432e-07,1.06191e-12,4.63006e-11,0.000353692,0.419257,0.576518,0.00387046,3.6432e-07,1.06191e-12,4.63006e-11,0.000353692,0.419257,0.576518,0.00387046,3.6432e-07,1.06191e-12
41.087180,5.38567e-12,0.00018227,0.416588,0.580848,0.00238141,9.11028e-08,7.74312e-14,5.38567e-12,0.00018227,0.416588,0.580848,0.00238141,9.11028e-08,7.74312e-14,5.38567e-12,0.00018227,0.416588,0.580848,0.00238141,9.11028e-08,7.74312e-14,5.38567e-12,0.00018227,0.416588,0.580848,0.00238141,9.11028e-08,7.74312e-14,5.38567e-12,0.00018227,0.416588,0.580848,0.00238141,9.11028e-08,7.74312e-14
45.057543,5.10814e-13,8.83607e-05,0.41407,0.584452,0.00138993,1.97206e-08,4.31636e-15,5.10814e-13,8.83607e-05,0.41407,0.584452,0.00138993,1.97206e-08,4.31636e-15,5.10814e-13,8.83607e-05,0.41407,0.584452,0.00138993,1.97206e-08,4.31636e-15,5.10814e-13,8.83607e-05,0.41407,0.584452,0.00138993,1.97206e-08,4.31636e-15,5.10814e-13,8.83607e-05,0.41407,0.584452,0.00138993,1.97206e-08,4.31636e-15
49.424852,3.86556e-14,4.00285e-05,0.411721,0.587473,0.000766006,3.64518e-09,1.79224e-16,3.86556e-14,4.00285e-05,0.411721,0.587473,0.000766006,3.64518e-09,1.79224e-16,3.86556e-14,4.00285e-05,0.411721,0.587473,0.000766006,3.64518e-09,1.79224e-16,3.86556e-14,4.00285e-05,0.411721,0.587473,0.000766006,3.64518e-09,1.79224e-16,3.86556e-14,4.00285e-05,0.411721,0.587473,0.000766006,3.64518e-09,1.79224e-16
54.229013,2.27867e-15,1.68207e-05,0.409539,0.590048,0.000396572,5.66771e-10,5.38685e-18,2.27867e-15,1.68207e-05,0.409539,0.590048,0.000396572,5.66771e-10,5.38685e-18,2.27867e-15,1.68207e-05,0.409539,0.590048,0.000396572,5.66771e-10,5.38685e-18,2.27867e-15,1.68207e-05,0.409539,0.590048,0.000396572,5.66771e-10,5.38685e-18,2.27867e-15,1.68207e-05,0.409539,0.590048,0.000396572,5.66771e-10,5.38685e-18
59.513862,1.01923e-16,6.50387e-06,0.407509,0.592293,0.000191768,7.2907e-11,1.13562e-19,1.01923e-16,6.50387e-06,0.407509,0.592293,0.000191768,7.2907e-11,1.13562e-19,1.01923e-16,6.50387e-06,0.407509,0.592293,0.000191768,7.2907e-11,1.13562e-19,1.01923e-16,6.50387e-06,0.407509,0.592293,0.000191768,7.2907e-11,1.13562e-19,1.01923e-16,6.50387e-06,0.407509,0.592293,0.000191768,7.2907e-11,1.13562e-19
65.327569,3.36171e-18,2.2937e-06,0.405614,0.594297,8.60615e-05,7.61743e-12,1.62165e-21,3.36171e-18,2.2937e-06,0.405614,0.594297,8.60615e-05,7.61743e-12,1.62165e-21,3.36171e-18,2.2937e-06,0.405614,0.594297,8.60615e-05,7.61743e-12,1.62165e-21,3.36171e-18,2.2937e-06,0.405614,0.594297,8.60615e-05,7.61743e-12,1.62165e-21,3.36171e-18,2.2937e-06,0.405614,0.594297,8.60615e-05,7.61743e-12,1.62165e-21
71.723082,7.92448e-20,7.30775e-07,0.40384,0.596124,3.55886e-05,6.33385e-13,1.50938e-23,7.92448e-20,7.30775e-07,0.40384,0.596124,3.55886e-05,6.33385e-13,1.50938e-23,7.92448e-20,7.30775e-07,0.40384,0.596124,3.55886e-05,6.33385e-13,1.50938e-23,7.92448e-20,7.30775e-07,0.40384,0.596124,3.55886e-05,6.33385e-13,1.50938e-23,7.92448e-20,7.30775e-07,0.40384,0.596124,3.55886e-05,6.33385e-13,1.50938e-23
78.758612,1.29026e-21,2.08155e-07,0.402175,0.597812,1.3453e-05,4.09784e-14,8.77631e-26,1.29026e-21,2.08155e-07,0.402175,0.597812,1.3453e-05,4.09784e-14,8.77631e-26,1.29026e-21,2.08155e-07,0.402175,0.597812,1.3453e-05,4.09784e-14,8.77631e-26,1.29026e-21,2.08155e-07,0.402175,0.597812,1.3453e-05,4.09784e-14,8.77631e-26,1.29026e-21,2.08155e-07,0.402175,0.597812,1.3453e-05,4.09784e-14,8.77631e-26
86.498171,1.39777e-23,5.24079e-08,0.40061,0.599385,4.60784e-06,2.01214e-15,3.04208e-28,1.39777e-23,5.24079e-08,0.40061,0.599385,4.60784e-06,2.01214e-15,3.04208e-28,1.39777e-23,5.24079e-08,0.40061,0.599385,4.60784e-06,2.01214e-15,3.04208e-28,1.39777e-23,5.24079e-08,0.40061,0.599385,4.60784e-06,2.01214e-15,3.04208e-28,1.39777e-23,5.24079e-08,0.40061,0.599385,4.60784e-06,2.01214e-15,3.04208e-28
95.012156,9.66999e-26,1.15185e-08,0.399141,0.600858,1.41614e-06,7.29562e-17,5.97013e-31,9.66999e-26,1.15185e-08,0.399141,0.600858,1.41614e-06,7.29562e-17,5.97013e-31,9.66999e-26,1.15185e-08,0.399141,0.600858,1.41614e-06,7.29562e-17,5.97013e-31,9.66999e-26,1.15185e-08,0.399141,0.600858,1.41614e-06,7.29562e-17,5.97013e-31,9.66999e-26,1.15185e-08,0.399141,0.600858,1.41614e-06,7.29562e-17,5.97013e-31
104.377998,4.0839e-28,2.17988e-09,0.397763,0.602237,3.86341e-07,1.89516e-18,6.26769e-34,4.0839e-28,2.17988e-09,0.397763,0.602237,3.86341e-07,1.89516e-18,6.26769e-34,4.0839e-28,2.17988e-09,0.397763,0.602237,3.86341e-07,1.89516e-18,6.26769e-34,4.0839e-28,2.17988e-09,0.397763,0.602237,3.86341e-07,1.89516e-18,6.26769e-34,4.0839e-28,2.17988e-09,0.397763,0.602237,3.86341e-07,1.89516e-18,6.26769e-34
114.680863,1.00198e-30,3.49918e-10,0.396473,0.603527,9.24586e-08,3.41167e-20,3.30692e-37,1.00198e-30,3.49918e-10,0.396473,0.603527,9.24586e-08,3.41167e-20,3.30692e-37,1.00198e-30,3.49918e-10,0.396473,0.603527,9.24586e-08,3.41167e-20,3.30692e-37,1.00198e-30,3.49918e-10,0.396473,0.603527,9.24586e-08,3.41167e-20,3.30692e-37,1.00198e-30,3.49918e-10,0.396473,0.603527,9.24586e-08,3.41167e-20,3.30692e-37
126.014434,1.35242e-33,4.68607e-11,0.395268,0.604732,1.91589e-08,4.10336e-22,8.18657e-41,1.35242e-33,4.68607e-11,0.395268,0.604732,1.91589e-08,4.10336e-22,8.18657e-41,1.35242e-33,4.68607e-11,0.395268,0.604732,1.91589e-08,4.10336e-22,8.18657e-41,1.35242e-33,4.68607e-11,0.395268,0.604732,1.91589e-08,4.10336e-22,8.18657e-41,1.35242e-33,4.68607e-11,0.395268,0.604732,1.91589e-08,4.10336e-22,8.18657e-41
138.481760,9.45802e-37,5.14101e-12,0.394145,0.605855,3.38854e-09,3.16727e-24,8.81707e-45,9.45802e-37,5.14101e-12,0.394145,0.605855,3.38854e-09,3.16727e-24,8.81707e-45,9.45802e-37,5.14101e-12,0.394145,0.605855,3.38854e-09,3.16727e-24,8.81707e-45,9.45802e-37,5.14101e-12,0.394145,0.605855,3.38854e-09,3.16727e-24,8.81707e-45,9.45802e-37,5.14101e-12,0.394145,0.605855,3.38854e-09,3.16727e-24,8.81707e-45
152.196194,3.20838e-40,4.52882e-13,0.3931,0.6069,5.03521e-10,1.50099e-26,3.80183e-49,3.20838e-40,4.52882e-13,0.3931,0.6069,5.03521e-10,1.50099e-26,3.80183e-49,3.20838e-40,4.52882e-13,0.3931,0.6069,5.03521e-10,1.50099e-26,3.80183e-49,3.20838e-40,4.52882e-13,0.3931,0.6069,5.03521e-10,1.50099e-26,3.80183e-49,3.20838e-40,4.52882e-13,0.3931,0.6069,5.03521e-10,1.50099e-26,3.80183e-49
167.282424,4.90988e-44,3.13366e-14,0.392129,0.607871,6.17799e-11,4.15975e-29,5.98959e-54,4.90988e-44,3.13366e-14,0.392129,0.607871,6.17799e-11,4.15975e-29,5.98959e-54,4.90988e-44,3.13366e-14,0.392129,0.607871,6.17799e-11,4.15975e-29,5.98959e-54,4.90988e-44,3.13366e-14,0.392129,0.607871,6.17799e-11,4.15975e-29,5.98959e-54,4.90988e-44,3.13366e-14,0.392129,0.607871,6.17799e-11,4.15975e-29,5.98959e-54
183.877611,3.12975e-48,1.66234e-15,0.391229,0.608771,6.14054e-12,6.38986e-32,3.11786e-59,3.12975e-48,1.66234e-15,0.391229,0.608771,6.14054e-12,6.38986e-32,3.11786e-59,3.12975e-48,1.66234e-15,0.391229,0.608771,6.14054e-12,6.38986e-32,3.11786e-59,3.12975e-48,1.66234e-15,0.391229,0.608771,6.14054e-12,6.38986e-32,3.11786e-59,3.12975e-48,1.66234e-15,0.391229,0.608771,6.14054e-12,6.38986e-32,3.11786e-59
202.132627,7.61189e-53,6.58283e-17,0.390396,0.609604,4.84141e-13,5.12927e-35,4.80088e-65,7.61189e-53,6.58283e-17,0.390396,0.609604,4.84141e-13,5.12927e-35,4.80088e-65,7.61189e-53,6.58283e-17,0.390396,0.609604,4.84141e-13,5.12927e-35,4.80088e-65,7.61189e-53,6.58283e-17,0.390396,0.609604,4.84141e-13,5.12927e-35,4.80088e-65,7.61189e-53,6.58283e-17,0.390396,0.609604,4.84141e-13,5.12927e-35,4.80088e-65
222.213436,6.41358e-58,1.88971e-18,0.389627,0.610373,2.95873e-14,2.01655e-38,1.93612e-71,6.41358e-58,1.88971e-18,0.389627,0.610373,2.95873e-14,2.01655e-38,1.93612e-71,6.41358e-58,1.88971e-18,0.389627,0.610373,2.95873e-14,2.01655e-38,1.93612e-71,6.41358e-58,1.88971e-18,0.389627,0.610373,2.95873e-14,2.01655e-38,1.93612e-71,6.41358e-58,1.88971e-18,0.389627,0.610373,2.95873e-14,2.01655e-38,1.93612e-71
244.302598,1.68355e-63,3.80772e-20,0.388916,0.611084,1.36636e-15,3.61561e-42,1.78874e-78,1.68355e-63,3.80772e-20,0.388916,0.611084,1.36636e-15,3.61561e-42,1.78874e-78,1.68355e-63,3.80772e-20,0.388916,0.611084,1.36636e-15,3.61561e-42,1.78874e-78,1.68355e-63,3.80772e-20,0.388916,0.611084,1.36636e-15,3.61561e-42,1.78874e-78,1.68355e-63,3.80772e-20,0.388916,0.611084,1.36636e-15,3.61561e-42,1.78874e-78
268.600929,1.22505e-69,5.19772e-22,0.388261,0.611739,4.63668e-17,2.73342e-46,3.26742e-86,1.22505e-69,5.19772e-22,0.388261,0.611739,4.63668e-17,2.73342e-46,3.26742e-86,1.22505e-69,5.19772e-22,0.388261,0.611739,4.63668e-17,2.73342e-46,3.26742e-86,1.22505e-69,5.19772e-22,0.388261,0.611739,4.63668e-17,2.73342e-46,3.26742e-86,1.22505e-69,5.19772e-22,0.388261,0.611739,4.63668e-17,2.73342e-46,3.26742e-86
295.329328,2.17322e-76,4.62269e-24,0.387658,0.612342,1.12115e-18,7.99294e-51,1.00357e-94,2.17322e-76,4.62269e-24,0.387658,0.612342,1.12115e-18,7.99294e-51,1.00357e-94,2.17322e-76,4.62269e-24,0.387658,0.612342,1.12115e-18,7.99294e-51,1.00357e-94,2.17322e-76,4.62269e-24,0.387658,0.612342,1.12115e-18,7.99294e-51,1.00357e-94,2.17322e-76,4.62269e-24,0.387658,0.612342,1.12115e-18,7.99294e-51,1.00357e-94
324.730785,8.1604e-84,2.56611e-26,0.387103,0.612897,1.8674e-20,8.22165e-56,4.33687e-104,8.1604e-84,2.56611e-26,0.387103,0.612897,1.8674e-20,8.22165e-56,4.33687e-104,8.1604e-84,2.56611e-26,0.387103,0.612897,1.8674e-20,8.22165e-56,4.33687e-104,8.1604e-84,2.56611e-26,0.387103,0.612897,1.8674e-20,8.22165e-56,4.33687e-104,8.1604e-84,2.56611e-26,0.387103,0.612897,1.8674e-20,8.22165e-56,4.33687e-104
357.072590,5.55251e-92,8.48114e-29,0.386593,0.613407,2.06423e-22,2.67987e-61,2.16748e-114,5.55251e-92,8.48114e-29,0.386593,0.613407,2.06423e-22,2.67987e-61,2.16748e-114,5.55251e-92,8.48114e-29,0.386593,0.613407,2.06423e-22,2.67987e-61,2.16748e-114,5.55251e-92,8.48114e-29,0.386593,0.613407,2.06423e-22,2.67987e-61,2.16748e-114,5.55251e-92,8.48114e-29,0.386593,0.613407,2.06423e-22,2.67987e-61,2.16748e-114
392.648762,5.77032e-101,1.58447e-31,0.386125,0.613875,1.45356e-24,2.46767e-67,1.00979e-125,5.77032e-101,1.58447e-31,0.386125,0.613875,1.45356e-24,2.46767e-67,1.00979e-125,5.77032e-101,1.58447e-31,0.386125,0.613875,1.45356e-24,2.46767e-67,1.00979e-125,5.77032e-101,1.58447e-31,0.386125,0.613875,1.45356e-24,2.46767e-67,1.00979e-125,5.77032e-101,1.58447e-31,0.386125,0.613875,1.45356e-24,2.46767e-67,1.00979e-125
431.782725,7.58901e-111,1.58039e-34,0.385696,0.614304,6.23302e-27,5.65723e-74,3.45927e-138,7.58901e-111,1.58039e-34,0.385696,0.614304,6.23302e-27,5.65723e-74,3.45927e-138,7.58901e-111,1.58039e-34,0.385696,0.614304,6.23302e-27,5.65723e-74,3.45927e-138,7.58901e-111,1.58039e-34,0.385696,0.614304,6.23302e-27,5.65723e-74,3.45927e-138,7.58901e-111,1.58039e-34,0.385696,0.614304,6.23302e-27,5.65723e-74,3.45927e-138
474.830242,1.02713e-121,7.90341e-38,0.385303,0.614697,1.5489e-29,2.80995e-81,6.71256e-152,1.02713e-121,7.90341e-38,0.385303,0.614697,1.5489e-29,2.80995e-81,6.71256e-152,1.02713e-121,7.90341e-38,0.385303,0.614697,1.5489e-29,2.80995e-81,6.71256e-152,1.02713e-121,7.90341e-38,0.385303,0.614697,1.5489e-29,2.80995e-81,6.71256e-152,1.02713e-121,7.90341e-38,0.385303,0.614697,1.5489e-29,2.80995e-81,6.71256e-152
522.182658,1.13952e-133,1.8494e-41,0.384942,0.615058,2.11216e-32,2.5952e-89,5.53711e-167,1.13952e-133,1.8494e-41,0.384942,0.615058,2.11216e-32,2.5952e-89,5.53711e-167,1.13952e-133,1.8494e-41,0.384942,0.615058,2.11216e-32,2.5952e-89,5.53711e-167,1.13952e-133,1.8494e-41,0.384942,0.615058,2.11216e-32,2.5952e-89,5.53711e-167,1.13952e-133,1.8494e-41,0.384942,0.615058,2.11216e-32,2.5952e-89,5.53711e-167
574.270450,8.06857e-147,1.87676e-45,0.384613,0.615387,1.48854e-35,3.76683e-98,1.41594e-183,8.06857e-147,1.87676e-45,0.384613,0.615387,1.48854e-35,3.76683e-98,1.41594e-183,8.06857e-147,1.87676e-45,0.384613,0.615387,1.48854e-35,3.76683e-98,1.41594e-183,8.06857e-147,1.87676e-45,0.384613,0.615387,1.48854e-35,3.76683e-98,1.41594e-183,8.06857e-147,1.87676e-45,0.384613,0.615387,1.48854e-35,3.76683e-98,1.41594e-183
631.567145,2.76893e-161,7.59705e-50,0.384311,0.615689,5.07541e-39,7.1411e-108,7.93102e-202,2.76893e-161,7.59705e-50,0.384311,0.615689,5.07541e-39,7.1411e-108,7.93102e-202,2.76893e-161,7.59705e-50,0.384311,0.615689,5.07541e-39,7.1411e-108,7.93102e-202,2.76893e-161,7.59705e-50,0.384311,0.615689,5.07541e-39,7.1411e-108,7.93102e-202,2.76893e-161,7.59705e-50,0.384311,0.615689,5.07541e-39,7.1411e-108,7.93102e-202
694.593624,3.40233e-177,1.11894e-54,0.384035,0.615965,7.78634e-43,1.44262e-118,6.64067e-222,3.40233e-177,1.11894e-54,0.384035,0.615965,7.78634e-43,1.44262e-118,6.64067e-222,3.40233e-177,1.11894e-54,0.384035,0.615965,7.78634e-43,1.44262e-118,6.64067e-222,3.40233e-177,1.11894e-54,0.384035,0.615965,7.78634e-43,1.44262e-118,6.64067e-222,3.40233e-177,1.11894e-54,0.384035,0.615965,7.78634e-43,1.44262e-118,6.64067e-222
763.922855,1.07288e-194,5.41963e-60,0.383783,0.616217,4.96219e-47,2.48264e-130,5.45973e-244,1.07288e-194,5.41963e-60,0.383783,0.616217,4.96219e-47,2.48264e-130,5.45973e-244,1.07288e-194,5.41963e-60,0.383783,0.616217,4.96219e-47,2.48264e-130,5.45973e-244,1.07288e-194,5.41963e-60,0.383783,0.616217,4.96219e-47,2.48264e-130,5.45973e-244,1.07288e-194,5.41963e-60,0.383783,0.616217,4.96219e-47,2.48264e-130,5.45973e-244
840.185106,6.01915e-214,7.72359e-66,0.383553,0.616447,1.20323e-51,2.84512e-143,2.77608e-268,6.01915e-214,7.72359e-66,0.383553,0.616447,1.20323e-51,2.84512e-143,2.77608e-268,6.01915e-214,7.72359e-66,0.383553,0.616447,1.20323e-51,2.84512e-143,2.77608e-268,6.01915e-214,7.72359e-66,0.383553,0.616447,1.20323e-51,2.84512e-143,2.77608e-268,6.01915e-214,7.72359e-66,0.383553,0.616447,1.20323e-51,2.84512e-143,2.77608e-268
924.073668,4.01535e-235,2.86555e-72,0.383343,0.616657,1.00786e-56,1.65603e-157,5.24978e-295,4.01535e-235,2.86555e-72,0.383343,0.616657,1.00786e-56,1.65603e-157,5.24978e-295,4.01535e-235,2.86555e-72,0.383343,0.616657,1.00786e-56,1.65603e-157,5.24978e-295,4.01535e-235,2.86555e-72,0.383343,0.616657,1.00786e-56,1.65603e-157,5.24978e-295,4.01535e-235,2.86555e-72,0.383343,0.616657,1.00786e-56,1.65603e-157,5.24978e-295
1016.351168,2.0446e-258,2.41924e-79,0.383151,0.616849,2.62225e-62,3.63416e-173,0,2.0446e-258,2.41924e-79,0.383151,0.616849,2.62225e-62,3.63416e-173,0,2.0446e-258,2.41924e-79,0.383151,0.616849,2.62225e-62,3.63416e-173,0,2.0446e-258,2.41924e-79,0.383151,0.616849,2.62225e-62,3.63416e-173,0,2.0446e-258,2.41924e-79,0.383151,0.616849,2.62225e-62,3.63416e-173,0
1117.856491,4.88021e-284,4.008e-87,0.382976,0.617024,1.88538e-68,2.1665e-190,0,4.88021e-284,4.008e-87,0.382976,0.617024,1.88538e-68,2.1665e-190,0,4.88021e-284,4.008e-87,0.382976,0.617024,1.88538e-68,2.1665e-190,0,4.88021e-284,4.008e-87,0.382976,0.617024,1.88538e-68,2.1665e-190,0,4.88021e-284,4.008e-87,0.382976,0.617024,1.88538e-68,2.1665e-190,0
1229.512413,3.19363e-312,1.10718e-95,0.382816,0.617184,3.29403e-75,2.44648e-209,0,3.19363e-312,1.10718e-95,0.382816,0.617184,3.29403e-75,2.44648e-209,0,3.19363e-312,1.10718e-95,0.382816,0.617184,3.29403e-75,2.44648e-209,0,3.19363e-312,1.10718e-95,0.382816,0.617184,3.29403e-75,2.44648e-209,0,3.19363e-312,1.10718e-95,0.382816,0.617184,3.29403e-75,2.44648e-209,0
1352.333990,0,4.26333e-105,0.382671,0.617329,1.21402e-82,3.51972e-230,0,0,4.26333e-105,0.382671,0.617329,1.21402e-82,3.51972e-230,0,0,4.26333e-105,0.382671,0.617329,1.21402e-82,3.51972e-230,0,0,4.26333e-105,0.382671,0.617329,1.21402e-82,3.51972e-230,0,0,4.26333e-105,0.382671,0.617329,1.21402e-82,3.51972e-230,0
1487.437779,0,1.87902e-115,0.382538,0.617462,8.07823e-91,4.17043e-253,0,0,1.87902e-115,0.382538,0.617462,8.07823e-91,4.17043e-253,0,0,1.87902e-115,0.382538,0.617462,8.07823e-91,4.17043e-253,0,0,1.87902e-115,0.382538,0.617462,8.07823e-91,4.17043e-253,0,0,1.87902e-115,0.382538,0.617462,8.07823e-91,4.17043e-253,0
1636.052000,0,7.63169e-127,0.382417,0.617583,8.17828e-100,2.5185e-278,0,0,7.63169e-127,0.382417,0.617583,8.17828e-100,2.5185e-278,0,0,7.63169e-127,0.382417,0.617583,8.17828e-100,2.5185e-278,0,0,7.63169e-127,0.382417,0.617583,8.17828e-100,2.5185e-278,0,0,7.63169e-127,0.382417,0.617583,8.17828e-100,2.5185e-278,0
1799.527688,0,2.25042e-139,0.382307,0.617693,1.04351e-109,4.57219e-306,0,0,2.25042e-139,0.382307,0.617693,1.04351e-109,4.57219e-306,0,0,2.25042e-139,0.382307,0.617693,1.04351e-109,4.57219e-306,0,0,2.25042e-139,0.382307,0.617693,1.04351e-109,4.57219e-306,0,0,2.25042e-139,0.382307,0.617693,1.04351e-109,4.57219e-306,0
1979.350989,0,3.70634e-153,0.382207,0.617793,1.36416e-120,0,0,0,3.70634e-153,0.382207,0.617793,1.36416e-120,0,0,0,3.70634e-153,0.382207,0.617793,1.36416e-120,0,0,0,3.70634e-153,0.382207,0.617793,1.36416e-120,0,0,0,3.70634e-153,0.382207,0.617793,1.36416e-120,0,0
2177.156658,0,2.55484e-168,0.382115,0.617885,1.45491e-132,0,0,0,2.55484e-168,0.382115,0.617885,1.45491e-132,0,0,0,2.55484e-168,0.382115,0.617885,1.45491e-132,0,0,0,2.55484e-168,0.382115,0.617885,1.45491e-132,0,0,0,2.55484e-168,0.382115,0.617885,1.45491e-132,0,0
2394.742930,0,5.36644e-185,0.382032,0.617968,9.85294e-146,0,0,0,5.36644e-185,0.382032,0.617968,9.85294e-146,0,0,0,5.36644e-185,0.382032,0.617968,9.85294e-146,0,0,0,5.36644e-185,0.382032,0.617968,9.85294e-146,0,0,0,5.36644e-185,0.382032,0.617968,9.85294e-146,0,0
2634.087862,0,2.4227e-203,0.381956,0.618044,3.21614e-160,0,0,0,2.4227e-203,0.381956,0.618044,3.21614e-160,0,0,0,2.4227e-203,0.381956,0.618044,3.21614e-160,0,0,0,2.4227e-203,0.381956,0.618044,3.21614e-160,0,0,0,2.4227e-203,0.381956,0.618044,3.21614e-160,0,0
2897.367316,0,1.60112e-223,0.381888,0.618112,3.73638e-176,0,0,0,1.60112e-223,0.381888,0.618112,3.73638e-176,0,0,0,1.60112e-223,0.381888,0.618112,3.73638e-176,0,0,0,1.60112e-223,0.381888,0.618112,3.73638e-176,0,0,0,1.60112e-223,0.381888,0.618112,3.73638e-176,0,0
3186.974742,0,1.01534e-245,0.381825,0.618175,1.10675e-193,0,0,0,1.01534e-245,0.381825,0.618175,1.10675e-193,0,0,0,1.01534e-245,0.381825,0.618175,1.10675e-193,0,0,0,1.01534e-245,0.381825,0.618175,1.10675e-193,0,0,0,1.01534e-245,0.381825,0.618175,1.10675e-193,0,0
3505.542936,0,3.88203e-270,0.381768,0.618232,5.79142e-213,0,0,0,3.88203e-270,0.381768,0.618232,5.79142e-213,0,0,0,3.88203e-270,0.381768,0.618232,5.79142e-213,0,0,0,3.88203e-270,0.381768,0.618232,5.79142e-213,0,0,0,3.88203e-270,0.381768,0.618232,5.79142e-213,0,0
3855.967971,0,5.36773e-297,0.381716,0.618284,3.57578e-234,0,0,0,5.36773e-297,0.381716,0.618284,3.57578e-234,0,0,0,5.36773e-297,0.381716,0.618284,3.57578e-234,0,0,0,5.36773e-297,0.381716,0.618284,3.57578e-234,0,0,0,5.36773e-297,0.381716,0.618284,3.57578e-234,0,0
4241.435530,0,0,0.381668,0.618332,1.67107e-257,0,0,0,0,0.381668,0.618332,1.67107e-257,0,0,0,0,0.381668,0.618332,1.67107e-257,0,0,0,0,0.381668,0.618332,1.67107e-257,0,0,0,0,0.381668,0.618332,1.67107e-257,0,0
4665.449863,0,0,0.381625,0.618375,3.6271e-283,0,0,0,0,0.381625,0.618375,3.6271e-283,0,0,0,0,0.381625,0.618375,3.6271e-283,0,0,0,0,0.381625,0.618375,3.6271e-283,0,0,0,0,0.381625,0.618375,3.6271e-283,0,0
5131.865647,0,0,0.381586,0.618414,2.13681e-311,0,0,0,0,0.381586,0.618414,2.13681e-311,0,0,0,0,0.381586,0.618414,2.13681e-311,0,0,0,0,0.381586,0.618414,2.13681e-311,0,0,0,0,0.381586,0.618414,2.13681e-311,0,0
5644.923024,0,0,0.38155,0.61845,0,0,0,0,0,0.38155,0.61845,0,0,0,0,0,0.38155,0.61845,0,0,0,0,0,0.38155,0.61845,0,0,0,0,0,0.38155,0.61845,0,0,0
6209.286153,0,0,0.381518,0.618482,0,0,0,0,0,0.381518,0.618482,0,0,0,0,0,0.381518,0.618482,0,0,0,0,0,0.381518,0.618482,0,0,0,0,0,0.381518,0.618482,0,0,0
6830.085607,0,0,0.381489,0.618511,0,0,0,0,0,0.381489,0.618511,0,0,0,0,0,0.381489,0.618511,0,0,0,0,0,0.381489,0.618511,0,0,0,0,0,0.381489,0.618511,0,0,0
7512.965019,0,0,0.381462,0.618538,0,0,0,0,0,0.381462,0.618538,0,0,0,0,0,0.381462,0.618538,0,0,0,0,0,0.381462,0.618538,0,0,0,0,0,0.381462,0.618538,0,0,0
8264.132382,0,0,0.381437,0.618563,0,0,0,0,0,0.381437,0.618563,0,0,0,0,0,0.381437,0.618563,0,0,0,0,0,0.381437,0.618563,0,0,0,0,0,0.381437,0.618563,0,0,0
9090.416491,0,0,0.381415,0.618585,0,0,0,0,0,0.381415,0.618585,0,0,0,0,0,0.381415,0.618585,0,0,0,0,0,0.381415,0.618585,0,0,0,0,0,0.381415,0.618585,0,0,0
9999.329020,0,0,0.381395,0.618605,0,0,0,0,0,0.381395,0.618605,0,0,0,0,0,0.381395,0.618605,0,0,0,0,0,0.381395,0.618605,0,0,0,0,0,0.381395,0.618605,0,0,0
10999.132809,0,0,0.381377,0.618623,0,0,0,0,0,0.381377,0.618623,0,0,0,0,0,0.381377,0.618623,0,0,0,0,0,0.381377,0.618623,0,0,0,0,0,0.381377,0.618623,0,0,0
12098.916985,0,0,0.38136,0.61864,0,0,0,0,0,0.38136,0.61864,0,0,0,0,0,0.38136,0.61864,0,0,0,0,0,0.38136,0.61864,0,0,0,0,0,0.38136,0.61864,0,0,0
13308.679584,0,0,0.381345,0.618655,0,0,0,0,0,0.381345,0.618655,0,0,0,0,0,0.381345,0.618655,0,0,0,0,0,0.381345,0.618655,0,0,0,0,0,0.381345,0.618655,0,0,0
14639.418450,0,0,0.381331,0.618669,0,0,0,0,0,0.381331,0.618669,0,0,0,0,0,0.381331,0.618669,0,0,0,0,0,0.381331,0.618669,0,0,0,0,0,0.381331,0.618669,0,0,0
16103.231208,0,0,0.381318,0.618682,0,0,0,0,0,0.381318,0.618682,0,0,0,0,0,0.381318,0.618682,0,0,0,0,0,0.381318,0.618682,0,0,0,0,0,0.381318,0.618682,0,0,0
17713.425246,0,0,0.381307,0.618693,0,0,0,0,0,0.381307,0.618693,0,0,0,0,0,0.381307,0.618693,0,0,0,0,0,0.381307,0.618693,0,0,0,0,0,0.381307,0.618693,0,0,0
19484.638692,0,0,0.381297,0.618703,0,0,0,0,0,0.381297,0.618703,0,0,0,0,0,0.381297,0.618703,0,0,0,0,0,0.381297,0.618703,0,0,0,0,0,0.381297,0.618703,0,0,0
21432.973488,0,0,0.381287,0.618713,0,0,0,0,0,0.381287,0.618713,0,0,0,0,0,0.381287,0.618713,0,0,0,0,0,0.381287,0.618713,0,0,0,0,0,0.381287,0.618713,0,0,0
23576.141766,0,0,0.381279,0.618721,0,0,0,0,0,0.381279,0.618721,0,0,0,0,0,0.381279,0.618721,0,0,0,0,0,0.381279,0.618721,0,0,0,0,0,0.381279,0.618721,0,0,0
25933.626876,0,0,0.381271,0.618729,0,0,0,0,0,0.381271,0.618729,0,0,0,0,0,0.381271,0.618729,0,0,0,0,0,0.381271,0.618729,0,0,0,0,0,0.381271,0.618729,0,0,0
28526.860500,0,0,0.381264,0.618736,0,0,0,0,0,0.381264,0.618736,0,0,0,0,0,0.381264,0.618736,0,0,0,0,0,0.381264,0.618736,0,0,0,0,0,0.381264,0.618736,0,0,0
31379.417488,0,0,0.381257,0.618743,0,0,0,0,0,0.381257,0.618743,0,0,0,0,0,0.381257,0.618743,0,0,0,0,0,0.381257,0.618743,0,0,0,0,0,0.381257,0.618743,0,0,0
34517.230179,0,0,0.381251,0.618749,0,0,0,0,0,0.381251,0.618749,0,0,0,0,0,0.381251,0.618749,0,0,0,0,0,0.381251,0.618749,0,0,0,0,0,0.381251,0.618749,0,0,0
37968.824141,0,0,0.381246,0.618754,0,0,0,0,0,0.381246,0.618754,0,0,0,0,0,0.381246,0.618754,0,0,0,0,0,0.381246,0.618754,0,0,0,0,0,0.381246,0.618754,0,0,0
41765.577501,0,0,0.381241,0.618759,0,0,0,0,0,0.381241,0.618759,0,0,0,0,0,0.381241,0.618759,0,0,0,0,0,0.381241,0.618759,0,0,0,0,0,0.381241,0.618759,0,0,0
45942.006198,0,0,0.381237,0.618763,0,0,0,0,0,0.381237,0.618763,0,0,0,0,0,0.381237,0.618763,0,0,0,0,0,0.381237,0.618763,0,0,0,0,0,0.381237,0.618763,0,0,0
50536.077768,0,0,0.381233,0.618767,0,0,0,0,0,0.381233,0.618767,0,0,0,0,0,0.381233,0.618767,0,0,0,0,0,0.381233,0.618767,0,0,0,0,0,0.381233,0.618767,0,0,0
55589.556496,0,0,0.381229,0.618771,0,0,0,0,0,0.381229,0.618771,0,0,0,0,0,0.381229,0.618771,0,0,0,0,0,0.381229,0.618771,0,0,0,0,0,0.381229,0.618771,0,0,0
61148.383098,0,0,0.381226,0.618774,0,0,0,0,0,0.381226,0.618774,0,0,0,0,0,0.381226,0.618774,0,0,0,0,0,0.381226,0.618774,0,0,0,0,0,0.381226,0.618774,0,0,0
67263.092361,0,0,0.381223,0.618777,0,0,0,0,0,0.381223,0.618777,0,0,0,0,0,0.381223,0.618777,0,0,0,0,0,0.381223,0.618777,0,0,0,0,0,0.381223,0.618777,0,0,0
73989.272553,0,0,0.38122,0.61878,0,0,0,0,0,0.38122,0.61878,0,0,0,0,0,0.38122,0.61878,0,0,0,0,0,0.38122,0.61878,0,0,0,0,0,0.38122,0.61878,0,0,0
81388.070764,0,0,0.381218,0.618782,0,0,0,0,0,0.381218,0.618782,0,0,0,0,0,0.381218,0.618782,0,0,0,0,0,0.381218,0.618782,0,0,0,0,0,0.381218,0.618782,0,0,0
89526.748797,0,0,0.381215,0.618785,0,0,0,0,0,0.381215,0.618785,0,0,0,0,0,0.381215,0.618785,0,0,0,0,0,0.381215,0.618785,0,0,0,0,0,0.381215,0.618785,0,0,0
98479.294635,0,0,0.381213,0.618787,0,0,0,0,0,0.381213,0.618787,0,0,0,0,0,0.381213,0.618787,0,0,0,0,0,0.381213,0.618787,0,0,0,0,0,0.381213,0.618787,0,0,0
108327.095057,0,0,0.381211,0.618789,0,0,0,0,0,0.381211,0.618789,0,0,0,0,0,0.381211,0.618789,0,0,0,0,0,0.381211,0.618789,0,0,0,0,0,0.381211,0.618789,0,0,0
119159.675523,0,0,0.38121,0.61879,0,0,0,0,0,0.38121,0.61879,0,0,0,0,0,0.38121,0.61879,0,0,0,0,0,0.38121,0.61879,0,0,0,0,0,0.38121,0.61879,0,0,0
131075.514035,0,0,0.381208,0.618792,0,0,0,0,0,0.381208,0.618792,0,0,0,0,0,0.381208,0.618792,0,0,0,0,0,0.381208,0.618792,0,0,0,0,0,0.381208,0.618792,0,0,0
144182.936399,0,0,0.381207,0.618793,0,0,0,0,0,0.381207,0.618793,0,0,0,0,0,0.381207,0.618793,0,0,0,0,0,0.381207,0.618793,0,0,0,0,0,0.381207,0.618793,0,0,0
158601.101001,0,0,0.381206,0.618794,0,0,0,0,0,0.381206,0.618794,0,0,0,0,0,0.381206,0.618794,0,0,0,0,0,0.381206,0.618794,0,0,0,0,0,0.381206,0.618794,0,0,0
174461.082063,0,0,0.381204,0.618796,0,0,0,0,0,0.381204,0.618796,0,0,0,0,0,0.381204,0.618796,0,0,0,0,0,0.381204,0.618796,0,0,0,0,0,0.381204,0.618796,0,0,0
191907.061231,0,0,0.381203,0.618797,0,0,0,0,0,0.381203,0.618797,0,0,0,0,0,0.381203,0.618797,0,0,0,0,0,0.381203,0.618797,0,0,0,0,0,0.381203,0.618797,0,0,0
211097.638317,0,0,0.381202,0.618798,0,0,0,0,0,0.381202,0.618798,0,0,0,0,0,0.381202,0.618798,0,0,0,0,0,0.381202,0.618798,0,0,0,0,0,0.381202,0.618798,0,0,0
232207.273112,0,0,0.381201,0.618799,0,0,0,0,0,0.381201,0.618799,0,0,0,0,0,0.381201,0.618799,0,0,0,0,0,0.381201,0.618799,0,0,0,0,0,0.381201,0.618799,0,0,0
255427.871386,0,0,0.381201,0.618799,0,0,0,0,0,0.381201,0.618799,0,0,0,0,0,0.381201,0.618799,0,0,0,0,0,0.381201,0.618799,0,0,0,0,0,0.381201,0.618799,0,0,0
280970.529489,0,0,0.3812,0.6188,0,0,0,0,0,0.3812,0.6188,0,0,0,0,0,0.3812,0.6188,0,0,0,0,0,0.3812,0.6188,0,0,0,0,0,0.3812,0.6188,0,0,0
309067.453402,0,0,0.381199,0.618801,0,0,0,0,0,0.381199,0.618801,0,0,0,0,0,0.381199,0.618801,0,0,0,0,0,0.381199,0.618801,0,0,0,0,0,0.381199,0.618801,0,0,0
339974.069706,0,0,0.381199,0.618801,0,0,0,0,0,0.381199,0.618801,0,0,0,0,0,0.381199,0.618801,0,0,0,0,0,0.381199,0.618801,0,0,0,0,0,0.381199,0.618801,0,0,0
373971.347641,0,0,0.381198,0.618802,0,0,0,0,0,0.381198,0.618802,0,0,0,0,0,0.381198,0.618802,0,0,0,0,0,0.381198,0.618802,0,0,0,0,0,0.381198,0.618802,0,0,0
411368.353370,0,0,0.381198,0.618802,0,0,0,0,0,0.381198,0.618802,0,0,0,0,0,0.381198,0.618802,0,0,0,0,0,0.381198,0.618802,0,0,0,0,0,0.381198,0.618802,0,0,0
452505.059672,0,0,0.381197,0.618803,0,0,0,0,0,0.381197,0.618803,0,0,0,0,0,0.381197,0.618803,0,0,0,0,0,0.381197,0.618803,0,0,0,0,0,0.381197,0.618803,0,0,0
497755.436604,0,0,0.381197,0.618803,0,0,0,0,0,0.381197,0.618803,0,0,0,0,0,0.381197,0.618803,0,0,0,0,0,0.381197,0.618803,0,0,0,0,0,0.381197,0.618803,0,0,0
547530.851230,0,0,0.381196,0.618804,0,0,0,0,0,0.381196,0.618804,0,0,0,0,0,0.381196,0.618804,0,0,0,0,0,0.381196,0.618804,0,0,0,0,0,0.381196,0.618804,0,0,0
602283.807318,0,0,0.381196,0.618804,0,0,0,0,0,0.381196,0.618804,0,0,0,0,0,0.381196,0.618804,0,0,0,0,0,0.381196,0.618804,0,0,0,0,0,0.381196,0.618804,0,0,0
662512.059016,0,0,0.381196,0.618804,0,0,0,0,0,0.381196,0.618804,0,0,0,0,0,0.381196,0.618804,0,0,0,0,0,0.381196,0.618804,0,0,0,0,0,0.381196,0.618804,0,0,0
728763.135883,0,0,0.381196,0.618804,0,0,0,0,0,0.381196,0.618804,0,0,0,0,0,0.381196,0.618804,0,0,0,0,0,0.381196,0.618804,0,0,0,0,0,0.381196,0.618804,0,0,0
801639.320437,0,0,0.381195,0.618805,0,0,0,0,0,0.381195,0.618805,0,0,0,0,0,0.381195,0.618805,0,0,0,0,0,0.381195,0.618805,0,0,0,0,0,0.381195,0.618805,0,0,0
881803.123447,0,0,0.381195,0.618805,0,0,0,0,0,0.381195,0.618805,0,0,0,0,0,0.381195,0.618805,0,0,0,0,0,0.381195,0.618805,0,0,0,0,0,0.381195,0.618805,0,0,0
969983.306757,0,0,0.381195,0.618805,0,0,0,0,0,0.381195,0.618805,0,0,0,0,0,0.381195,0.618805,0,0,0,0,0,0.381195,0.618805,0,0,0,0,0,0.381195,0.618805,0,0,0
1066981.508399,0,0,0.381195,0.618805,0,0,0,0,0,0.381195,0.618805,0,0,0,0,0,0.381195,0.618805,0,0,0,0,0,0.381195,0.618805,0,0,0,0,0,0.381195,0.618805,0,0,0
