0.000000,0.142857,0.142857,0.142857,0.142857,0.142857,0.142857,0.142857,0.142857,0.142857,0.142857,0.142857,0.142857,0.142857,0.142857,0.142857,0.142857,0.142857,0.142857,0.142857,0.142857,0.142857,0.142857,0.142857,0.142857,0.142857,0.142857,0.142857,0.142857
0.011405,0.141249,0.142732,0.143387,0.143577,0.143446,0.143078,0.142531,0.141249,0.142732,0.143387,0.143577,0.143446,0.143078,0.142531,0.141249,0.142732,0.143387,0.143577,0.143446,0.143078,0.142531,0.141249,0.142732,0.143387,0.143577,0.143446,0.143078,0.142531
0.024076,0.139504,0.142593,0.14397,0.144372,0.144092,0.143313,0.142157,0.139504,0.142593,0.14397,0.144372,0.144092,0.143313,0.142157,0.139504,0.142593,0.14397,0.144372,0.144092,0.143313,0.142157,0.139504,0.142593,0.14397,0.144372,0.144092,0.143313,0.142157
0.038161,0.137614,0.142437,0.144612,0.145248,0.1448,0.14356,0.14173,0.137614,0.142437,0.144612,0.145248,0.1448,0.14356,0.14173,0.137614,0.142437,0.144612,0.145248,0.1448,0.14356,0.14173,0.137614,0.142437,0.144612,0.145248,0.1448,0.14356,0.14173
0.053827,0.135569,0.142262,0.14532,0.146214,0.145575,0.14382,0.141241,0.135569,0.142262,0.14532,0.146214,0.145575,0.14382,0.141241,0.135569,0.142262,0.14532,0.146214,0.145575,0.14382,0.141241,0.135569,0.142262,0.14532,0.146214,0.145575,0.14382,0.141241
0.071259,0.133359,0.142067,0.146099,0.147279,0.146424,0.14409,0.140681,0.133359,0.142067,0.146099,0.147279,0.146424,0.14409,0.140681,0.133359,0.142067,0.146099,0.147279,0.146424,0.14409,0.140681,0.133359,0.142067,0.146099,0.147279,0.146424,0.14409,0.140681
0.090667,0.130978,0.141848,0.146957,0.148455,0.147353,0.14437,0.140039,0.130978,0.141848,0.146957,0.148455,0.147353,0.14437,0.140039,0.130978,0.141848,0.146957,0.148455,0.147353,0.14437,0.140039,0.130978,0.141848,0.146957,0.148455,0.147353,0.14437,0.140039
0.112283,0.128415,0.141603,0.147903,0.149752,0.148369,0.144656,0.139303,0.128415,0.141603,0.147903,0.149752,0.148369,0.144656,0.139303,0.128415,0.141603,0.147903,0.149752,0.148369,0.144656,0.139303,0.128415,0.141603,0.147903,0.149752,0.148369,0.144656,0.139303
0.136367,0.125662,0.141327,0.148943,0.151183,0.149479,0.144946,0.138459,0.125662,0.141327,0.148943,0.151183,0.149479,0.144946,0.138459,0.125662,0.141327,0.148943,0.151183,0.149479,0.144946,0.138459,0.125662,0.141327,0.148943,0.151183,0.149479,0.144946,0.138459
0.163209,0.122713,0.141018,0.150089,0.152762,0.150691,0.145235,0.137493,0.122713,0.141018,0.150089,0.152762,0.150691,0.145235,0.137493,0.122713,0.141018,0.150089,0.152762,0.150691,0.145235,0.137493,0.122713,0.141018,0.150089,0.152762,0.150691,0.145235,0.137493
0.193129,0.119561,0.140669,0.151349,0.154503,0.152012,0.145518,0.136388,0.119561,0.140669,0.151349,0.154503,0.152012,0.145518,0.136388,0.119561,0.140669,0.151349,0.154503,0.152012,0.145518,0.136388,0.119561,0.140669,0.151349,0.154503,0.152012,0.145518,0.136388
0.226482,0.1162,0.140277,0.152735,0.156424,0.153451,0.145788,0.135125,0.1162,0.140277,0.152735,0.156424,0.153451,0.145788,0.135125,0.1162,0.140277,0.152735,0.156424,0.153451,0.145788,0.135125,0.1162,0.140277,0.152735,0.156424,0.153451,0.145788,0.135125
0.263660,0.112627,0.139834,0.154257,0.158543,0.155017,0.146038,0.133685,0.112627,0.139834,0.154257,0.158543,0.155017,0.146038,0.133685,0.112627,0.139834,0.154257,0.158543,0.155017,0.146038,0.133685,0.112627,0.139834,0.154257,0.158543,0.155017,0.146038,0.133685
0.305093,0.108839,0.139333,0.155929,0.160878,0.156718,0.146258,0.132046,0.108839,0.139333,0.155929,0.160878,0.156718,0.146258,0.132046,0.108839,0.139333,0.155929,0.160878,0.156718,0.146258,0.132046,0.108839,0.139333,0.155929,0.160878,0.156718,0.146258,0.132046
0.351252,0.104837,0.138765,0.157761,0.163452,0.158562,0.146436,0.130186,0.104837,0.138765,0.157761,0.163452,0.158562,0.146436,0.130186,0.104837,0.138765,0.157761,0.163452,0.158562,0.146436,0.130186,0.104837,0.138765,0.157761,0.163452,0.158562,0.146436,0.130186
0.402647,0.100623,0.13812,0.159768,0.166287,0.16056,0.14656,0.128082,0.100623,0.13812,0.159768,0.166287,0.16056,0.14656,0.128082,0.100623,0.13812,0.159768,0.166287,0.16056,0.14656,0.128082,0.100623,0.13812,0.159768,0.166287,0.16056,0.14656,0.128082
0.459836,0.0962002,0.137386,0.161962,0.169408,0.162718,0.146614,0.125713,0.0962002,0.137386,0.161962,0.169408,0.162718,0.146614,0.125713,0.0962002,0.137386,0.161962,0.169408,0.162718,0.146614,0.125713,0.0962002,0.137386,0.161962,0.169408,0.162718,0.146614,0.125713
0.523417,0.0915773,0.136548,0.164355,0.17284,0.165044,0.14658,0.123055,0.0915773,0.136548,0.164355,0.17284,0.165044,0.14658,0.123055,0.0915773,0.136548,0.164355,0.17284,0.165044,0.14658,0.123055,0.0915773,0.136548,0.164355,0.17284,0.165044,0.14658,0.123055
0.594034,0.0867649,0.135591,0.166959,0.176612,0.167546,0.146439,0.120088,0.0867649,0.135591,0.166959,0.176612,0.167546,0.146439,0.120088,0.0867649,0.135591,0.166959,0.176612,0.167546,0.146439,0.120088,0.0867649,0.135591,0.166959,0.176612,0.167546,0.146439,0.120088
0.672376,0.0817774,0.134493,0.169785,0.180752,0.17023,0.146168,0.116794,0.0817774,0.134493,0.169785,0.180752,0.17023,0.146168,0.116794,0.0817774,0.134493,0.169785,0.180752,0.17023,0.146168,0.116794,0.0817774,0.134493,0.169785,0.180752,0.17023,0.146168,0.116794
0.759175,0.0766336,0.133234,0.172841,0.18529,0.173099,0.145743,0.113159,0.0766336,0.133234,0.172841,0.18529,0.173099,0.145743,0.113159,0.0766336,0.133234,0.172841,0.18529,0.173099,0.145743,0.113159,0.0766336,0.133234,0.172841,0.18529,0.173099,0.145743,0.113159
0.855206,0.0713567,0.131786,0.176133,0.190257,0.176156,0.145138,0.109173,0.0713567,0.131786,0.176133,0.190257,0.176156,0.145138,0.109173,0.0713567,0.131786,0.176133,0.190257,0.176156,0.145138,0.109173,0.0713567,0.131786,0.176133,0.190257,0.176156,0.145138,0.109173
0.961287,0.0659752,0.130121,0.179662,0.195683,0.1794,0.144324,0.104834,0.0659752,0.130121,0.179662,0.195683,0.1794,0.144324,0.104834,0.0659752,0.130121,0.179662,0.195683,0.1794,0.144324,0.104834,0.0659752,0.130121,0.179662,0.195683,0.1794,0.144324,0.104834
1.078277,0.060523,0.128206,0.183427,0.2016,0.182828,0.143271,0.100146,0.060523,0.128206,0.183427,0.2016,0.182828,0.143271,0.100146,0.060523,0.128206,0.183427,0.2016,0.182828,0.143271,0.100146,0.060523,0.128206,0.183427,0.2016,0.182828,0.143271,0.100146
1.207074,0.0550397,0.126008,0.187417,0.208036,0.186432,0.141948,0.0951208,0.0550397,0.126008,0.187417,0.208036,0.186432,0.141948,0.0951208,0.0550397,0.126008,0.187417,0.208036,0.186432,0.141948,0.0951208,0.0550397,0.126008,0.187417,0.208036,0.186432,0.141948,0.0951208
1.348616,0.0495708,0.123487,0.191618,0.215019,0.190201,0.140322,0.0897821,0.0495708,0.123487,0.191618,0.215019,0.190201,0.140322,0.0897821,0.0495708,0.123487,0.191618,0.215019,0.190201,0.140322,0.0897821,0.0495708,0.123487,0.191618,0.215019,0.190201,0.140322,0.0897821
1.503884,0.0441672,0.120608,0.196005,0.222577,0.194118,0.138362,0.0841623,0.0441672,0.120608,0.196005,0.222577,0.194118,0.138362,0.0841623,0.0441672,0.120608,0.196005,0.222577,0.194118,0.138362,0.0841623,0.0441672,0.120608,0.196005,0.222577,0.194118,0.138362,0.0841623
1.673899,0.0388846,0.117335,0.200545,0.230732,0.198161,0.136038,0.0783042,0.0388846,0.117335,0.200545,0.230732,0.198161,0.136038,0.0783042,0.0388846,0.117335,0.200545,0.230732,0.198161,0.136038,0.0783042,0.0388846,0.117335,0.200545,0.230732,0.198161,0.136038,0.0783042
1.859737,0.0337819,0.113632,0.205195,0.239504,0.202303,0.133322,0.0722605,0.0337819,0.113632,0.205195,0.239504,0.202303,0.133322,0.0722605,0.0337819,0.113632,0.205195,0.239504,0.202303,0.133322,0.0722605,0.0337819,0.113632,0.205195,0.239504,0.202303,0.133322,0.0722605
2.062534,0.0289192,0.109474,0.209902,0.248911,0.206511,0.13019,0.0660929,0.0289192,0.109474,0.209902,0.248911,0.206511,0.13019,0.0660929,0.0289192,0.109474,0.209902,0.248911,0.206511,0.13019,0.0660929,0.0289192,0.109474,0.209902,0.248911,0.206511,0.13019,0.0660929
2.283502,0.0243553,0.104843,0.2146,0.258965,0.210746,0.126621,0.0598706,0.0243553,0.104843,0.2146,0.258965,0.210746,0.126621,0.0598706,0.0243553,0.104843,0.2146,0.258965,0.210746,0.126621,0.0598706,0.0243553,0.104843,0.2146,0.258965,0.210746,0.126621,0.0598706
2.523952,0.0201441,0.0997308,0.219216,0.269678,0.214963,0.122601,0.053668,0.0201441,0.0997308,0.219216,0.269678,0.214963,0.122601,0.053668,0.0201441,0.0997308,0.219216,0.269678,0.214963,0.122601,0.053668,0.0201441,0.0997308,0.219216,0.269678,0.214963,0.122601,0.053668
2.785320,0.0163316,0.0941482,0.223667,0.281057,0.219111,0.118123,0.0475624,0.0163316,0.0941482,0.223667,0.281057,0.219111,0.118123,0.0475624,0.0163316,0.0941482,0.223667,0.281057,0.219111,0.118123,0.0475624,0.0163316,0.0941482,0.223667,0.281057,0.219111,0.118123,0.0475624
3.069197,0.0129522,0.088122,0.227862,0.293111,0.223134,0.113188,0.0416312,0.0129522,0.088122,0.227862,0.293111,0.223134,0.113188,0.0416312,0.0129522,0.088122,0.227862,0.293111,0.223134,0.113188,0.0416312,0.0129522,0.088122,0.227862,0.293111,0.223134,0.113188,0.0416312
3.377370,0.0100261,0.0816995,0.231704,0.305847,0.226971,0.107804,0.0359493,0.0100261,0.0816995,0.231704,0.305847,0.226971,0.107804,0.0359493,0.0100261,0.0816995,0.231704,0.305847,0.226971,0.107804,0.0359493,0.0100261,0.0816995,0.231704,0.305847,0.226971,0.107804,0.0359493
3.711856,0.00755702,0.0749486,0.235094,0.319271,0.230553,0.101991,0.0305861,0.00755702,0.0749486,0.235094,0.319271,0.230553,0.101991,0.0305861,0.00755702,0.0749486,0.235094,0.319271,0.230553,0.101991,0.0305861,0.00755702,0.0749486,0.235094,0.319271,0.230553,0.101991,0.0305861
4.074941,0.00553184,0.0679572,0.237929,0.333395,0.233807,0.0957764,0.0256033,0.00553184,0.0679572,0.237929,0.333395,0.233807,0.0957764,0.0256033,0.00553184,0.0679572,0.237929,0.333395,0.233807,0.0957764,0.0256033,0.00553184,0.0679572,0.237929,0.333395,0.233807,0.0957764,0.0256033
4.469217,0.00392164,0.0608311,0.240109,0.348231,0.236653,0.0892026,0.021052,0.00392164,0.0608311,0.240109,0.348231,0.236653,0.0892026,0.021052,0.00392164,0.0608311,0.240109,0.348231,0.236653,0.0892026,0.021052,0.00392164,0.0608311,0.240109,0.348231,0.236653,0.0892026,0.021052
4.897615,0.00268423,0.0536891,0.241534,0.363794,0.239004,0.0823229,0.0169716,0.00268423,0.0536891,0.241534,0.363794,0.239004,0.0823229,0.0169716,0.00268423,0.0536891,0.241534,0.363794,0.239004,0.0823229,0.0169716,0.00268423,0.0536891,0.241534,0.363794,0.239004,0.0823229,0.0169716
5.363431,0.00176798,0.0466586,0.242109,0.380104,0.240769,0.0752048,0.0133869,0.00176798,0.0466586,0.242109,0.380104,0.240769,0.0752048,0.0133869,0.00176798,0.0466586,0.242109,0.380104,0.240769,0.0752048,0.0133869,0.00176798,0.0466586,0.242109,0.380104,0.240769,0.0752048,0.0133869
5.870349,0.00111651,0.0398683,0.241743,0.397184,0.241851,0.06793,0.0103079,0.00111651,0.0398683,0.241743,0.397184,0.241851,0.06793,0.0103079,0.00111651,0.0398683,0.241743,0.397184,0.241851,0.06793,0.0103079,0.00111651,0.0398683,0.241743,0.397184,0.241851,0.06793,0.0103079
6.422464,0.000673338,0.0334411,0.240352,0.415059,0.242152,0.0605937,0.00772833,0.000673338,0.0334411,0.240352,0.415059,0.242152,0.0605937,0.00772833,0.000673338,0.0334411,0.240352,0.415059,0.242152,0.0605937,0.00772833,0.000673338,0.0334411,0.240352,0.415059,0.242152,0.0605937,0.00772833
7.024310,0.000386084,0.0274874,0.237862,0.433763,0.241573,0.0533027,0.00562604,0.000386084,0.0274874,0.237862,0.433763,0.241573,0.0533027,0.00562604,0.000386084,0.0274874,0.237862,0.433763,0.241573,0.0533027,0.00562604,0.000386084,0.0274874,0.237862,0.433763,0.241573,0.0533027,0.00562604
7.680895,0.00020946,0.0220981,0.234208,0.453329,0.240019,0.046172,0.00396443,0.00020946,0.0220981,0.234208,0.453329,0.240019,0.046172,0.00396443,0.00020946,0.0220981,0.234208,0.453329,0.240019,0.046172,0.00396443,0.00020946,0.0220981,0.234208,0.453329,0.240019,0.046172,0.00396443
8.397750,0.000106947,0.0173392,0.229339,0.473802,0.237399,0.039319,0.00269492,0.000106947,0.0173392,0.229339,0.473802,0.237399,0.039319,0.00269492,0.000106947,0.0173392,0.229339,0.473802,0.237399,0.039319,0.00269492,0.000106947,0.0173392,0.229339,0.473802,0.237399,0.039319,0.00269492
9.180989,5.10901e-05,0.0132481,0.223224,0.495226,0.233632,0.0328576,0.00176063,5.10901e-05,0.0132481,0.223224,0.495226,0.233632,0.0328576,0.00176063,5.10901e-05,0.0132481,0.223224,0.495226,0.233632,0.0328576,0.00176063,5.10901e-05,0.0132481,0.223224,0.495226,0.233632,0.0328576,0.00176063
10.037391,2.26887e-05,0.00983172,0.215854,0.517654,0.228646,0.0268912,0.00110089,2.26887e-05,0.00983172,0.215854,0.517654,0.228646,0.0268912,0.00110089,2.26887e-05,0.00983172,0.215854,0.517654,0.228646,0.0268912,0.00110089,2.26887e-05,0.00983172,0.215854,0.517654,0.228646,0.0268912,0.00110089
10.974474,9.30091e-06,0.00706735,0.207242,0.541138,0.222382,0.0215058,0.000655793,9.30091e-06,0.00706735,0.207242,0.541138,0.222382,0.0215058,0.000655793,9.30091e-06,0.00706735,0.207242,0.541138,0.222382,0.0215058,0.000655793,9.30091e-06,0.00706735,0.207242,0.541138,0.222382,0.0215058,0.000655793
12.000574,3.49256e-06,0.00490593,0.197431,0.565728,0.214798,0.0167643,0.00037026,3.49256e-06,0.00490593,0.197431,0.565728,0.214798,0.0167643,0.00037026,3.49256e-06,0.00490593,0.197431,0.565728,0.214798,0.0167643,0.00037026,3.49256e-06,0.00490593,0.197431,0.565728,0.214798,0.0167643,0.00037026
13.124899,1.19125e-06,0.00327777,0.186491,0.591459,0.205872,0.0127025,0.000197011,1.19125e-06,0.00327777,0.186491,0.591459,0.205872,0.0127025,0.000197011,1.19125e-06,0.00327777,0.186491,0.591459,0.205872,0.0127025,0.000197011,1.19125e-06,0.00327777,0.186491,0.591459,0.205872,0.0127025,0.000197011
14.357574,3.65672e-07,0.00210006,0.17452,0.618342,0.195613,0.00932681,9.81722e-05,3.65672e-07,0.00210006,0.17452,0.618342,0.195613,0.00932681,9.81722e-05,3.65672e-07,0.00210006,0.17452,0.618342,0.195613,0.00932681,9.81722e-05,3.65672e-07,0.00210006,0.17452,0.618342,0.195613,0.00932681,9.81722e-05
15.709652,9.99947e-08,0.00128498,0.161641,0.646348,0.184067,0.00661367,4.55013e-05,9.99947e-08,0.00128498,0.161641,0.646348,0.184067,0.00661367,4.55013e-05,9.99947e-08,0.00128498,0.161641,0.646348,0.184067,0.00661367,4.55013e-05,9.99947e-08,0.00128498,0.161641,0.646348,0.184067,0.00661367,4.55013e-05
17.193117,2.40851e-08,0.000747431,0.148003,0.675389,0.171328,0.00451256,1.94702e-05,2.40851e-08,0.000747431,0.148003,0.675389,0.171328,0.00451256,1.94702e-05,2.40851e-08,0.000747431,0.148003,0.675389,0.171328,0.00451256,1.94702e-05,2.40851e-08,0.000747431,0.148003,0.675389,0.171328,0.00451256,1.94702e-05
18.820891,5.04589e-09,0.000411142,0.133785,0.705301,0.157544,0.00295095,7.63076e-06,5.04589e-09,0.000411142,0.133785,0.705301,0.157544,0.00295095,7.63076e-06,5.04589e-09,0.000411142,0.133785,0.705301,0.157544,0.00295095,7.63076e-06,5.04589e-09,0.000411142,0.133785,0.705301,0.157544,0.00295095,7.63076e-06
20.606856,9.06655e-10,0.000212618,0.119192,0.735828,0.142923,0.00184175,2.71593e-06,9.06655e-10,0.000212618,0.119192,0.735828,0.142923,0.00184175,2.71593e-06,9.06655e-10,0.000212618,0.119192,0.735828,0.142923,0.00184175,2.71593e-06,9.06655e-10,0.000212618,0.119192,0.735828,0.142923,0.00184175,2.71593e-06
22.565902,1.37542e-10,0.000102684,0.104463,0.76661,0.127731,0.00109217,8.69926e-07,1.37542e-10,0.000102684,0.104463,0.76661,0.127731,0.00109217,8.69926e-07,1.37542e-10,0.000102684,0.104463,0.76661,0.127731,0.00109217,8.69926e-07,1.37542e-10,0.000102684,0.104463,0.76661,0.127731,0.00109217,8.69926e-07
24.714038,1.73101e-11,4.59685e-05,0.0898675,0.797188,0.112285,0.000612459,2.48346e-07,1.73101e-11,4.59685e-05,0.0898675,0.797188,0.112285,0.000612459,2.48346e-07,1.73101e-11,4.59685e-05,0.0898675,0.797188,0.112285,0.000612459,2.48346e-07,1.73101e-11,4.59685e-05,0.0898675,0.797188,0.112285,0.000612459,2.48346e-07
27.068542,1.77229e-12,1.89167e-05,0.0757019,0.827019,0.0969369,0.000323152,6.25373e-08,1.77229e-12,1.89167e-05,0.0757019,0.827019,0.0969369,0.000323152,6.25373e-08,1.77229e-12,1.89167e-05,0.0757019,0.827019,0.0969369,0.000323152,6.25373e-08,1.77229e-12,1.89167e-05,0.0757019,0.827019,0.0969369,0.000323152,6.25373e-08
29.648188,1.44447e-13,7.09001e-06,0.0622748,0.855508,0.0820507,0.000159567,1.37365e-08,1.44447e-13,7.09001e-06,0.0622748,0.855508,0.0820507,0.000159567,1.37365e-08,1.44447e-13,7.09001e-06,0.0622748,0.855508,0.0820507,0.000159567,1.37365e-08,1.44447e-13,7.09001e-06,0.0622748,0.855508,0.0820507,0.000159567,1.37365e-08
32.473541,9.14895e-15,2.39582e-06,0.0498856,0.88206,0.0679785,7.33112e-05,2.60008e-09,9.14895e-15,2.39582e-06,0.0498856,0.88206,0.0679785,7.33112e-05,2.60008e-09,9.14895e-15,2.39582e-06,0.0498856,0.88206,0.0679785,7.33112e-05,2.60008e-09,9.14895e-15,2.39582e-06,0.0498856,0.88206,0.0679785,7.33112e-05,2.60008e-09
35.567346,4.38547e-16,7.21871e-07,0.0387964,0.906141,0.0550306,3.11424e-05,4.18469e-10,4.38547e-16,7.21871e-07,0.0387964,0.906141,0.0550306,3.11424e-05,4.18469e-10,4.38547e-16,7.21871e-07,0.0387964,0.906141,0.0550306,3.11424e-05,4.18469e-10,4.38547e-16,7.21871e-07,0.0387964,0.906141,0.0550306,3.11424e-05,4.18469e-10
38.955016,1.54542e-17,1.91633e-07,0.029203,0.927335,0.0434498,1.21467e-05,5.64193e-11,1.54542e-17,1.91633e-07,0.029203,0.927335,0.0434498,1.21467e-05,5.64193e-11,1.54542e-17,1.91633e-07,0.029203,0.927335,0.0434498,1.21467e-05,5.64193e-11,1.54542e-17,1.91633e-07,0.029203,0.927335,0.0434498,1.21467e-05,5.64193e-11
42.665209,3.87937e-19,4.42518e-08,0.0212101,0.945393,0.033393,4.3158e-06,6.2654e-12,3.87937e-19,4.42518e-08,0.0212101,0.945393,0.033393,4.3158e-06,6.2654e-12,3.87937e-19,4.42518e-08,0.0212101,0.945393,0.033393,4.3158e-06,6.2654e-12,3.87937e-19,4.42518e-08,0.0212101,0.945393,0.033393,4.3158e-06,6.2654e-12
46.730476,6.70436e-21,8.76878e-09,0.014819,0.960256,0.024924,1.38427e-06,5.62109e-13,6.70436e-21,8.76878e-09,0.014819,0.960256,0.024924,1.38427e-06,5.62109e-13,6.70436e-21,8.76878e-09,0.014819,0.960256,0.024924,1.38427e-06,5.62109e-13,6.70436e-21,8.76878e-09,0.014819,0.960256,0.024924,1.38427e-06,5.62109e-13
51.187878,7.68964e-23,1.46982e-09,0.00993052,0.972051,0.018018,3.96598e-07,3.98424e-14,7.68964e-23,1.46982e-09,0.00993052,0.972051,0.018018,3.96598e-07,3.98424e-14,7.68964e-23,1.46982e-09,0.00993052,0.972051,0.018018,3.96598e-07,3.98424e-14,7.68964e-23,1.46982e-09,0.00993052,0.972051,0.018018,3.96598e-07,3.98424e-14
56.079450,5.62684e-25,2.05263e-10,0.00636422,0.98106,0.0125757,1.0026e-07,2.17458e-15,5.62684e-25,2.05263e-10,0.00636422,0.98106,0.0125757,1.0026e-07,2.17458e-15,5.62684e-25,2.05263e-10,0.00636422,0.98106,0.0125757,1.0026e-07,2.17458e-15,5.62684e-25,2.05263e-10,0.00636422,0.98106,0.0125757,1.0026e-07,2.17458e-15
61.452403,2.51698e-27,2.34965e-11,0.00388913,0.987668,0.00844237,2.20532e-08,8.87723e-17,2.51698e-27,2.34965e-11,0.00388913,0.987668,0.00844237,2.20532e-08,8.87723e-17,2.51698e-27,2.34965e-11,0.00388913,0.987668,0.00844237,2.20532e-08,8.87723e-17,2.51698e-27,2.34965e-11,0.00388913,0.987668,0.00844237,2.20532e-08,8.87723e-17
67.359044,6.56838e-30,2.16579e-12,0.0022589,0.992313,0.00542839,4.15541e-09,2.62433e-18,6.56838e-30,2.16579e-12,0.0022589,0.992313,0.00542839,4.15541e-09,2.62433e-18,6.56838e-30,2.16579e-12,0.0022589,0.992313,0.00542839,4.15541e-09,2.62433e-18,6.56838e-30,2.16579e-12,0.0022589,0.992313,0.00542839,4.15541e-09,2.62433e-18
73.856552,9.49648e-33,1.57594e-13,0.0012424,0.99543,0.00332785,6.59482e-10,5.42421e-20,9.49648e-33,1.57594e-13,0.0012424,0.99543,0.00332785,6.59482e-10,5.42421e-20,9.49648e-33,1.57594e-13,0.0012424,0.99543,0.00332785,6.59482e-10,5.42421e-20,9.49648e-33,1.57594e-13,0.0012424,0.99543,0.00332785,6.59482e-10,5.42421e-20
81.006850,7.18099e-36,8.85225e-15,0.000644184,0.99742,0.00193575,8.65782e-11,7.54885e-22,7.18099e-36,8.85225e-15,0.000644184,0.99742,0.00193575,8.65782e-11,7.54885e-22,7.18099e-36,8.85225e-15,0.000644184,0.99742,0.00193575,8.65782e-11,7.54885e-22,7.18099e-36,8.85225e-15,0.000644184,0.99742,0.00193575,8.65782e-11,7.54885e-22
88.876775,2.66314e-39,3.74243e-16,0.000313203,0.998624,0.00106305,9.22443e-12,6.7954e-24,2.66314e-39,3.74243e-16,0.000313203,0.998624,0.00106305,9.22443e-12,6.7954e-24,2.66314e-39,3.74243e-16,0.000313203,0.998624,0.00106305,9.22443e-12,6.7954e-24,2.66314e-39,3.74243e-16,0.000313203,0.998624,0.00106305,9.22443e-12,6.7954e-24
97.538646,4.50904e-43,1.15732e-17,0.0001419,0.99931,0.00054825,7.81567e-13,3.79016e-26,4.50904e-43,1.15732e-17,0.0001419,0.99931,0.00054825,7.81567e-13,3.79016e-26,4.50904e-43,1.15732e-17,0.0001419,0.99931,0.00054825,7.81567e-13,3.79016e-26,4.50904e-43,1.15732e-17,0.0001419,0.99931,0.00054825,7.81567e-13,3.79016e-26
107.071140,3.21937e-47,2.53589e-19,5.94772e-05,0.999676,0.000264042,5.15182e-14,1.25024e-28,3.21937e-47,2.53589e-19,5.94772e-05,0.999676,0.000264042,5.15182e-14,1.25024e-28,3.21937e-47,2.53589e-19,5.94772e-05,0.999676,0.000264042,5.15182e-14,1.25024e-28,3.21937e-47,2.53589e-19,5.94772e-05,0.999676,0.000264042,5.15182e-14,1.25024e-28
117.560350,8.88004e-52,3.80098e-21,2.28784e-05,0.999859,0.000118015,2.57932e-15,2.31799e-31,8.88004e-52,3.80098e-21,2.28784e-05,0.999859,0.000118015,2.57932e-15,2.31799e-31,8.88004e-52,3.80098e-21,2.28784e-05,0.999859,0.000118015,2.57932e-15,2.31799e-31,8.88004e-52,3.80098e-21,2.28784e-05,0.999859,0.000118015,2.57932e-15,2.31799e-31
129.100893,8.59402e-57,3.74912e-23,8.00457e-06,0.999943,4.8615e-05,9.55225e-17,2.28383e-34,8.59402e-57,3.74912e-23,8.00457e-06,0.999943,4.8615e-05,9.55225e-17,2.28383e-34,8.59402e-57,3.74912e-23,8.00457e-06,0.999943,4.8615e-05,9.55225e-17,2.28383e-34,8.59402e-57,3.74912e-23,8.00457e-06,0.999943,4.8615e-05,9.55225e-17,2.28383e-34
141.796995,2.62549e-62,2.33234e-25,2.52259e-06,0.999979,1.83153e-05,2.54109e-18,1.12391e-37,2.62549e-62,2.33234e-25,2.52259e-06,0.999979,1.83153e-05,2.54109e-18,1.12391e-37,2.62549e-62,2.33234e-25,2.52259e-06,0.999979,1.83153e-05,2.54109e-18,1.12391e-37,2.62549e-62,2.33234e-25,2.52259e-06,0.999979,1.83153e-05,2.54109e-18,1.12391e-37
155.763548,2.25468e-68,8.73527e-28,7.08467e-07,0.999993,6.25624e-06,4.70034e-20,2.57955e-41,2.25468e-68,8.73527e-28,7.08467e-07,0.999993,6.25624e-06,4.70034e-20,2.57955e-41,2.25468e-68,8.73527e-28,7.08467e-07,0.999993,6.25624e-06,4.70034e-20,2.57955e-41,2.25468e-68,8.73527e-28,7.08467e-07,0.999993,6.25624e-06,4.70034e-20,2.57955e-41
171.127179,4.79211e-75,1.87165e-30,1.75266e-07,0.999998,1.91907e-06,5.8318e-22,2.55982e-45,4.79211e-75,1.87165e-30,1.75266e-07,0.999998,1.91907e-06,5.8318e-22,2.55982e-45,4.79211e-75,1.87165e-30,1.75266e-07,0.999998,1.91907e-06,5.8318e-22,2.55982e-45,4.79211e-75,1.87165e-30,1.75266e-07,0.999998,1.91907e-06,5.8318e-22,2.55982e-45
188.027360,2.19175e-82,2.16931e-33,3.77085e-08,0.999999,5.23015e-07,4.66421e-24,1.01028e-49,2.19175e-82,2.16931e-33,3.77085e-08,0.999999,5.23015e-07,4.66421e-24,1.01028e-49,2.19175e-82,2.16931e-33,3.77085e-08,0.999999,5.23015e-07,4.66421e-24,1.01028e-49,2.19175e-82,2.16931e-33,3.77085e-08,0.999999,5.23015e-07,4.66421e-24,1.01028e-49
206.617634,1.84974e-90,1.27893e-36,6.9577e-09,1,1.25161e-07,2.30158e-26,1.4463e-54,1.84974e-90,1.27893e-36,6.9577e-09,1,1.25161e-07,2.30158e-26,1.4463e-54,1.84974e-90,1.27893e-36,6.9577e-09,1,1.25161e-07,2.30158e-26,1.4463e-54,1.84974e-90,1.27893e-36,6.9577e-09,1,1.25161e-07,2.30158e-26,1.4463e-54
227.066960,2.43262e-99,3.58451e-40,1.08417e-09,1,2.59605e-08,6.67716e-29,6.78645e-60,2.43262e-99,3.58451e-40,1.08417e-09,1,2.59605e-08,6.67716e-29,6.78645e-60,2.43262e-99,3.58451e-40,1.08417e-09,1,2.59605e-08,6.67716e-29,6.78645e-60,2.43262e-99,3.58451e-40,1.08417e-09,1,2.59605e-08,6.67716e-29,6.78645e-60
249.561225,4.1394e-109,4.43379e-44,1.4028e-10,1,4.60088e-09,1.07997e-31,9.33602e-66,4.1394e-109,4.43379e-44,1.4028e-10,1,4.60088e-09,1.07997e-31,9.33602e-66,4.1394e-109,4.43379e-44,1.4028e-10,1,4.60088e-09,1.07997e-31,9.33602e-66,4.1394e-109,4.43379e-44,1.4028e-10,1,4.60088e-09,1.07997e-31,9.33602e-66
274.304920,7.42826e-120,2.23026e-48,1.47938e-11,1,6.85839e-10,9.18566e-35,3.33067e-72,7.42826e-120,2.23026e-48,1.47938e-11,1,6.85839e-10,9.18566e-35,3.33067e-72,7.42826e-120,2.23026e-48,1.47938e-11,1,6.85839e-10,9.18566e-35,3.33067e-72,7.42826e-120,2.23026e-48,1.47938e-11,1,6.85839e-10,9.18566e-35,3.33067e-72
301.522984,1.12262e-131,4.16958e-53,1.24588e-12,1,8.45164e-11,3.85284e-38,2.6924e-79,1.12262e-131,4.16958e-53,1.24588e-12,1,8.45164e-11,3.85284e-38,2.6924e-79,1.12262e-131,4.16958e-53,1.24588e-12,1,8.45164e-11,3.85284e-38,2.6924e-79,1.12262e-131,4.16958e-53,1.24588e-12,1,8.45164e-11,3.85284e-38,2.6924e-79
331.462855,1.11561e-144,2.62425e-58,8.19238e-14,1,8.44757e-12,7.42536e-42,4.25115e-87,1.11561e-144,2.62425e-58,8.19238e-14,1,8.44757e-12,7.42536e-42,4.25115e-87,1.11561e-144,2.62425e-58,8.19238e-14,1,8.44757e-12,7.42536e-42,4.25115e-87,1.11561e-144,2.62425e-58,8.19238e-14,1,8.44757e-12,7.42536e-42,4.25115e-87
364.396713,5.55288e-159,4.98663e-64,4.10335e-15,1,6.70658e-13,6.08342e-46,1.11355e-95,5.55288e-159,4.98663e-64,4.10335e-15,1,6.70658e-13,6.08342e-46,1.11355e-95,5.55288e-159,4.98663e-64,4.10335e-15,1,6.70658e-13,6.08342e-46,1.11355e-95,5.55288e-159,4.98663e-64,4.10335e-15,1,6.70658e-13,6.08342e-46,1.11355e-95
400.623956,1.02619e-174,2.53799e-70,1.52349e-16,1,4.13284e-14,1.94501e-50,4.0433e-105,1.02619e-174,2.53799e-70,1.52349e-16,1,4.13284e-14,1.94501e-50,4.0433e-105,1.02619e-174,2.53799e-70,1.52349e-16,1,4.13284e-14,1.94501e-50,4.0433e-105,1.02619e-174,2.53799e-70,1.52349e-16,1,4.13284e-14,1.94501e-50,4.0433e-105
440.473924,5.0653e-192,3.03279e-77,4.0692e-18,1,1.92739e-15,2.20888e-55,1.67018e-115,5.0653e-192,3.03279e-77,4.0692e-18,1,1.92739e-15,2.20888e-55,1.67018e-115,5.0653e-192,3.03279e-77,4.0692e-18,1,1.92739e-15,2.20888e-55,1.67018e-115,5.0653e-192,3.03279e-77,4.0692e-18,1,1.92739e-15,2.20888e-55,1.67018e-115
484.308889,4.6486e-211,7.36086e-85,7.56567e-20,1,6.61551e-17,8.03432e-61,6.31529e-127,4.6486e-211,7.36086e-85,7.56567e-20,1,6.61551e-17,8.03432e-61,6.31529e-127,4.6486e-211,7.36086e-85,7.56567e-20,1,6.61551e-17,8.03432e-61,6.31529e-127,4.6486e-211,7.36086e-85,7.56567e-20,1,6.61551e-17,8.03432e-61,6.31529e-127
532.527350,5.32489e-232,3.09403e-93,9.4432e-22,1,1.62075e-18,8.35224e-67,1.72102e-139,5.32489e-232,3.09403e-93,9.4432e-22,1,1.62075e-18,8.35224e-67,1.72102e-139,5.32489e-232,3.09403e-93,9.4432e-22,1,1.62075e-18,8.35224e-67,1.72102e-139,5.32489e-232,3.09403e-93,9.4432e-22,1,1.62075e-18,8.35224e-67,1.72102e-139
585.567658,4.91131e-255,1.89007e-102,7.60358e-24,1,2.74021e-20,2.18949e-73,2.59847e-153,4.91131e-255,1.89007e-102,7.60358e-24,1,2.74021e-20,2.18949e-73,2.59847e-153,4.91131e-255,1.89007e-102,7.60358e-24,1,2.74021e-20,2.18949e-73,2.59847e-153,4.91131e-255,1.89007e-102,7.60358e-24,1,2.74021e-20,2.18949e-73,2.59847e-153
643.911996,2.25203e-280,1.38366e-112,3.78013e-26,1,3.08077e-22,1.26106e-80,1.62759e-168,2.25203e-280,1.38366e-112,3.78013e-26,1,3.08077e-22,1.26106e-80,1.62759e-168,2.25203e-280,1.38366e-112,3.78013e-26,1,3.08077e-22,1.26106e-80,1.62759e-168,2.25203e-280,1.38366e-112,3.78013e-26,1,3.08077e-22,1.26106e-80,1.62759e-168
708.090768,3.02056e-308,9.81826e-124,1.10572e-28,1,2.21117e-24,1.37141e-88,3.07647e-185,3.02056e-308,9.81826e-124,1.10572e-28,1,2.21117e-24,1.37141e-88,3.07647e-185,3.02056e-308,9.81826e-124,1.10572e-28,1,2.21117e-24,1.37141e-88,3.07647e-185,3.02056e-308,9.81826e-124,1.10572e-28,1,2.21117e-24,1.37141e-88,3.07647e-185
778.687417,0,5.34738e-136,1.80466e-31,1,9.68681e-27,2.38365e-97,1.23655e-203,0,5.34738e-136,1.80466e-31,1,9.68681e-27,2.38365e-97,1.23655e-203,0,5.34738e-136,1.80466e-31,1,9.68681e-27,2.38365e-97,1.23655e-203,0,5.34738e-136,1.80466e-31,1,9.68681e-27,2.38365e-97,1.23655e-203
856.343731,0,1.72925e-149,1.55032e-34,1,2.46545e-29,5.51222e-107,7.19094e-224,0,1.72925e-149,1.55032e-34,1,2.46545e-29,5.51222e-107,7.19094e-224,0,1.72925e-149,1.55032e-34,1,2.46545e-29,5.51222e-107,7.19094e-224,0,1.72925e-149,1.55032e-34,1,2.46545e-29,5.51222e-107,7.19094e-224
941.765676,0,2.50349e-164,6.57433e-38,1,3.45288e-32,1.38618e-117,3.96112e-246,0,2.50349e-164,6.57433e-38,1,3.45288e-32,1.38618e-117,3.96112e-246,0,2.50349e-164,6.57433e-38,1,3.45288e-32,1.38618e-117,3.96112e-246,0,2.50349e-164,6.57433e-38,1,3.45288e-32,1.38618e-117,3.96112e-246
1035.729816,0,1.18933e-180,1.2824e-41,1,2.50667e-35,3.0364e-129,1.29704e-270,0,1.18933e-180,1.2824e-41,1,2.50667e-35,3.0364e-129,1.29704e-270,0,1.18933e-180,1.2824e-41,1,2.50667e-35,3.0364e-129,1.29704e-270,0,1.18933e-180,1.2824e-41,1,2.50667e-35,3.0364e-129,1.29704e-270
1139.090370,0,1.31745e-198,1.06466e-45,1,8.83289e-39,4.53893e-142,1.51218e-297,0,1.31745e-198,1.06466e-45,1,8.83289e-39,4.53893e-142,1.51218e-297,0,1.31745e-198,1.06466e-45,1,8.83289e-39,4.53893e-142,1.51218e-297,0,1.31745e-198,1.06466e-45,1,8.83289e-39,4.53893e-142,1.51218e-297
1252.786980,0,2.33674e-218,3.45399e-50,1,1.40543e-42,3.54004e-156,0,0,2.33674e-218,3.45399e-50,1,1.40543e-42,3.54004e-156,0,0,2.33674e-218,3.45399e-50,1,1.40543e-42,3.54004e-156,0,0,2.33674e-218,3.45399e-50,1,1.40543e-42,3.54004e-156,0
1377.853250,0,4.38909e-240,3.98602e-55,1,9.32583e-47,1.07218e-171,0,0,4.38909e-240,3.98602e-55,1,9.32583e-47,1.07218e-171,0,0,4.38909e-240,3.98602e-55,1,9.32583e-47,1.07218e-171,0,0,4.38909e-240,3.98602e-55,1,9.32583e-47,1.07218e-171,0
1515.426148,0,5.54006e-264,1.47564e-60,1,2.36457e-51,9.11283e-189,0,0,5.54006e-264,1.47564e-60,1,2.36457e-51,9.11283e-189,0,0,5.54006e-264,1.47564e-60,1,2.36457e-51,9.11283e-189,0,0,5.54006e-264,1.47564e-60,1,2.36457e-51,9.11283e-189,0
1666.756335,0,2.8495e-290,1.5641e-66,1,2.08077e-56,1.52047e-207,0,0,2.8495e-290,1.5641e-66,1,2.08077e-56,1.52047e-207,0,0,2.8495e-290,1.5641e-66,1,2.08077e-56,1.52047e-207,0,0,2.8495e-290,1.5641e-66,1,2.08077e-56,1.52047e-207,0
1833.219541,0,3.44468e-319,4.1887e-73,1,5.71668e-62,3.36151e-228,0,0,3.44468e-319,4.1887e-73,1,5.71668e-62,3.36151e-228,0,0,3.44468e-319,4.1887e-73,1,5.71668e-62,3.36151e-228,0,0,3.44468e-319,4.1887e-73,1,5.71668e-62,3.36151e-228,0
2016.329067,0,0,2.46987e-80,1,4.3647e-68,6.39067e-251,0,0,0,2.46987e-80,1,4.3647e-68,6.39067e-251,0,0,0,2.46987e-80,1,4.3647e-68,6.39067e-251,0,0,0,2.46987e-80,1,4.3647e-68,6.39067e-251,0
2217.749546,0,0,2.75631e-88,1,8.14792e-75,6.49322e-276,0,0,0,2.75631e-88,1,8.14792e-75,6.49322e-276,0,0,0,2.75631e-88,1,8.14792e-75,6.49322e-276,0,0,0,2.75631e-88,1,8.14792e-75,6.49322e-276,0
2439.312073,0,0,4.92888e-97,1,3.23034e-82,2.08961e-303,0,0,0,4.92888e-97,1,3.23034e-82,2.08961e-303,0,0,0,4.92888e-97,1,3.23034e-82,2.08961e-303,0,0,0,4.92888e-97,1,3.23034e-82,2.08961e-303,0
2683.030853,0,0,1.17601e-106,1,2.32954e-90,0,0,0,0,1.17601e-106,1,2.32954e-90,0,0,0,0,1.17601e-106,1,2.32954e-90,0,0,0,0,1.17601e-106,1,2.32954e-90,0,0
2951.121510,0,0,3.06082e-117,1,2.57687e-99,0,0,0,0,3.06082e-117,1,2.57687e-99,0,0,0,0,3.06082e-117,1,2.57687e-99,0,0,0,0,3.06082e-117,1,2.57687e-99,0,0
3246.021234,0,0,6.96319e-129,1,3.62493e-109,0,0,0,0,6.96319e-129,1,3.62493e-109,0,0,0,0,6.96319e-129,1,3.62493e-109,0,0,0,0,6.96319e-129,1,3.62493e-109,0,0
3570.410929,0,0,1.08512e-141,1,5.27626e-120,0,0,0,0,1.08512e-141,1,5.27626e-120,0,0,0,0,1.08512e-141,1,5.27626e-120,0,0,0,0,1.08512e-141,1,5.27626e-120,0,0
3927.239595,0,0,8.85953e-156,1,6.33366e-132,0,0,0,0,8.85953e-156,1,6.33366e-132,0,0,0,0,8.85953e-156,1,6.33366e-132,0,0,0,0,8.85953e-156,1,6.33366e-132,0,0
4319.751126,0,0,2.82188e-171,1,4.88559e-145,0,0,0,0,2.82188e-171,1,4.88559e-145,0,0,0,0,2.82188e-171,1,4.88559e-145,0,0,0,0,2.82188e-171,1,4.88559e-145,0,0
4751.513812,0,0,2.53501e-188,1,1.84037e-159,0,0,0,0,2.53501e-188,1,1.84037e-159,0,0,0,0,2.53501e-188,1,1.84037e-159,0,0,0,0,2.53501e-188,1,1.84037e-159,0,0
5226.452765,0,0,4.49536e-207,1,2.50318e-175,0,0,0,0,4.49536e-207,1,2.50318e-175,0,0,0,0,4.49536e-207,1,2.50318e-175,0,0,0,0,4.49536e-207,1,2.50318e-175,0,0
5748.885614,0,0,1.06274e-227,1,8.81939e-193,0,0,0,0,1.06274e-227,1,8.81939e-193,0,0,0,0,1.06274e-227,1,8.81939e-193,0,0,0,0,1.06274e-227,1,8.81939e-193,0,0
6323.561748,0,0,2.17499e-250,1,5.58572e-212,0,0,0,0,2.17499e-250,1,5.58572e-212,0,0,0,0,2.17499e-250,1,5.58572e-212,0,0,0,0,2.17499e-250,1,5.58572e-212,0,0
6955.705495,0,0,2.39657e-275,1,4.25484e-233,0,0,0,0,2.39657e-275,1,4.25484e-233,0,0,0,0,2.39657e-275,1,4.25484e-233,0,0,0,0,2.39657e-275,1,4.25484e-233,0,0
7651.063617,0,0,8.4321e-303,1,2.50535e-256,0,0,0,0,8.4321e-303,1,2.50535e-256,0,0,0,0,8.4321e-303,1,2.50535e-256,0,0,0,0,8.4321e-303,1,2.50535e-256,0,0
8415.957551,0,0,0,1,7.01216e-282,0,0,0,0,0,1,7.01216e-282,0,0,0,0,0,1,7.01216e-282,0,0,0,0,0,1,7.01216e-282,0,0
9257.340878,0,0,0,1,5.46429e-310,0,0,0,0,0,1,5.46429e-310,0,0,0,0,0,1,5.46429e-310,0,0,0,0,0,1,5.46429e-310,0,0
10182.862538,0,0,0,1,0,0,0,0,0,0,1,0,0,0,0,0,0,1,0,0,0,0,0,0,1,0,0,0
11200.936364,0,0,0,1,0,0,0,0,0,0,1,0,0,0,0,0,0,1,0,0,0,0,0,0,1,0,0,0
12320.817573,0,0,0,1,0,0,0,0,0,0,1,0,0,0,0,0,0,1,0,0,0,0,0,0,1,0,0,0
13552.686903,0,0,0,1,0,0,0,0,0,0,1,0,0,0,0,0,0,1,0,0,0,0,0,0,1,0,0,0
14907.743165,0,0,0,1,0,0,0,0,0,0,1,0,0,0,0,0,0,1,0,0,0,0,0,0,1,0,0,0
16398.305054,0,0,0,1,0,0,0,0,0,0,1,0,0,0,0,0,0,1,0,0,0,0,0,0,1,0,0,0
18037.923132,0,0,0,1,0,0,0,0,0,0,1,0,0,0,0,0,0,1,0,0,0,0,0,0,1,0,0,0
19841.503018,0,0,0,1,0,0,0,0,0,0,1,0,0,0,0,0,0,1,0,0,0,0,0,0,1,0,0,0
21825.440892,0,0,0,1,0,0,0,0,0,0,1,0,0,0,0,0,0,1,0,0,0,0,0,0,1,0,0,0
24007.772553,0,0,0,1,0,0,0,0,0,0,1,0,0,0,0,0,0,1,0,0,0,0,0,0,1,0,0,0
26408.337381,0,0,0,1,0,0,0,0,0,0,1,0,0,0,0,0,0,1,0,0,0,0,0,0,1,0,0,0
29048.958691,0,0,0,1,0,0,0,0,0,0,1,0,0,0,0,0,0,1,0,0,0,0,0,0,1,0,0,0
31953.642133,0,0,0,1,0,0,0,0,0,0,1,0,0,0,0,0,0,1,0,0,0,0,0,0,1,0,0,0
35148.793919,0,0,0,1,0,0,0,0,0,0,1,0,0,0,0,0,0,1,0,0,0,0,0,0,1,0,0,0
38663.460883,0,0,0,1,0,0,0,0,0,0,1,0,0,0,0,0,0,1,0,0,0,0,0,0,1,0,0,0
42529.594543,0,0,0,1,0,0,0,0,0,0,1,0,0,0,0,0,0,1,0,0,0,0,0,0,1,0,0,0
46782.341570,0,0,0,1,0,0,0,0,0,0,1,0,0,0,0,0,0,1,0,0,0,0,0,0,1,0,0,0
51460.363299,0,0,0,1,0,0,0,0,0,0,1,0,0,0,0,0,0,1,0,0,0,0,0,0,1,0,0,0
56606.187202,0,0,0,1,0,0,0,0,0,0,1,0,0,0,0,0,0,1,0,0,0,0,0,0,1,0,0,0
62266.593494,0,0,0,1,0,0,0,0,0,0,1,0,0,0,0,0,0,1,0,0,0,0,0,0,1,0,0,0
68493.040416,0,0,0,1,0,0,0,0,0,0,1,0,0,0,0,0,0,1,0,0,0,0,0,0,1,0,0,0
75342.132030,0,0,0,1,0,0,0,0,0,0,1,0,0,0,0,0,0,1,0,0,0,0,0,0,1,0,0,0
82876.132805,0,0,0,1,0,0,0,0,0,0,1,0,0,0,0,0,0,1,0,0,0,0,0,0,1,0,0,0
91163.533658,0,0,0,1,0,0,0,0,0,0,1,0,0,0,0,0,0,1,0,0,0,0,0,0,1,0,0,0
100279.674596,0,0,0,1,0,0,0,0,0,0,1,0,0,0,0,0,0,1,0,0,0,0,0,0,1,0,0,0
110307.429628,0,0,0,1,0,0,0,0,0,0,1,0,0,0,0,0,0,1,0,0,0,0,0,0,1,0,0,0
121337.960164,0,0,0,1,0,0,0,0,0,0,1,0,0,0,0,0,0,1,0,0,0,0,0,0,1,0,0,0
133471.543752,0,0,0,1,0,0,0,0,0,0,1,0,0,0,0,0,0,1,0,0,0,0,0,0,1,0,0,0
146818.485700,0,0,0,1,0,0,0,0,0,0,1,0,0,0,0,0,0,1,0,0,0,0,0,0,1,0,0,0
161500.121842,0,0,0,1,0,0,0,0,0,0,1,0,0,0,0,0,0,1,0,0,0,0,0,0,1,0,0,0
177649.921599,0,0,0,1,0,0,0,0,0,0,1,0,0,0,0,0,0,1,0,0,0,0,0,0,1,0,0,0
195414.701331,0,0,0,1,0,0,0,0,0,0,1,0,0,0,0,0,0,1,0,0,0,0,0,0,1,0,0,0
214955.959036,0,0,0,1,0,0,0,0,0,0,1,0,0,0,0,0,0,1,0,0,0,0,0,0,1,0,0,0
236451.342512,0,0,0,1,0,0,0,0,0,0,1,0,0,0,0,0,0,1,0,0,0,0,0,0,1,0,0,0
260096.264336,0,0,0,1,0,0,0,0,0,0,1,0,0,0,0,0,0,1,0,0,0,0,0,0,1,0,0,0
286105.678342,0,0,0,1,0,0,0,0,0,0,1,0,0,0,0,0,0,1,0,0,0,0,0,0,1,0,0,0
314716.033748,0,0,0,1,0,0,0,0,0,0,1,0,0,0,0,0,0,1,0,0,0,0,0,0,1,0,0,0
346187.424696,0,0,0,1,0,0,0,0,0,0,1,0,0,0,0,0,0,1,0,0,0,0,0,0,1,0,0,0
380805.954738,0,0,0,1,0,0,0,0,0,0,1,0,0,0,0,0,0,1,0,0,0,0,0,0,1,0,0,0
418886.337784,0,0,0,1,0,0,0,0,0,0,1,0,0,0,0,0,0,1,0,0,0,0,0,0,1,0,0,0
460774.759134,0,0,0,1,0,0,0,0,0,0,1,0,0,0,0,0,0,1,0,0,0,0,0,0,1,0,0,0
506852.022620,0,0,0,1,0,0,0,0,0,0,1,0,0,0,0,0,0,1,0,0,0,0,0,0,1,0,0,0
557537.012455,0,0,0,1,0,0,0,0,0,0,1,0,0,0,0,0,0,1,0,0,0,0,0,0,1,0,0,0
613290.501272,0,0,0,1,0,0,0,0,0,0,1,0,0,0,0,0,0,1,0,0,0,0,0,0,1,0,0,0
674619.338972,0,0,0,1,0,0,0,0,0,0,1,0,0,0,0,0,0,1,0,0,0,0,0,0,1,0,0,0
742081.060442,0,0,0,1,0,0,0,0,0,0,1,0,0,0,0,0,0,1,0,0,0,0,0,0,1,0,0,0
816288.954058,0,0,0,1,0,0,0,0,0,0,1,0,0,0,0,0,0,1,0,0,0,0,0,0,1,0,0,0
897917.637036,0,0,0,1,0,0,0,0,0,0,1,0,0,0,0,0,0,1,0,0,0,0,0,0,1,0,0,0
987709.188312,0,0,0,1,0,0,0,0,0,0,1,0,0,0,0,0,0,1,0,0,0,0,0,0,1,0,0,0
1086479.894716,0,0,0,1,0,0,0,0,0,0,1,0,0,0,0,0,0,1,0,0,0,0,0,0,1,0,0,0
