0.000000,0.142857,0.142857,0.142857,0.142857,0.142857,0.142857,0.142857,0.142857,0.142857,0.142857,0.142857,0.142857,0.142857,0.142857
0.003962,0.140152,0.142896,0.143425,0.143575,0.143522,0.143345,0.143085,0.140152,0.142896,0.143425,0.143575,0.143522,0.143345,0.143085
0.008353,0.137228,0.142911,0.144036,0.14436,0.144252,0.14388,0.143333,0.137228,0.142911,0.144036,0.14436,0.144252,0.14388,0.143333
0.013221,0.134075,0.142894,0.144693,0.145217,0.145052,0.144466,0.143602,0.134075,0.142894,0.144693,0.145217,0.145052,0.144466,0.143602
0.018622,0.130681,0.142838,0.145397,0.146153,0.14593,0.145107,0.143894,0.130681,0.142838,0.145397,0.146153,0.14593,0.145107,0.143894
0.024617,0.127037,0.142729,0.146149,0.147174,0.146892,0.14581,0.144209,0.127037,0.142729,0.146149,0.147174,0.146892,0.14581,0.144209
0.031274,0.123137,0.142555,0.146948,0.148287,0.147946,0.146578,0.144548,0.123137,0.142555,0.146948,0.148287,0.147946,0.146578,0.144548
0.038671,0.118974,0.1423,0.147794,0.149498,0.1491,0.147419,0.144915,0.118974,0.1423,0.147794,0.149498,0.1491,0.147419,0.144915
0.046893,0.114546,0.141945,0.148685,0.150815,0.150364,0.148337,0.145308,0.114546,0.141945,0.148685,0.150815,0.150364,0.148337,0.145308
0.056036,0.109855,0.141467,0.149618,0.152244,0.151746,0.14934,0.14573,0.109855,0.141467,0.149618,0.152244,0.151746,0.14934,0.14573
0.066209,0.104906,0.140843,0.150587,0.153792,0.153257,0.150434,0.146181,0.104906,0.140843,0.150587,0.153792,0.153257,0.150434,0.146181
0.077532,0.0997095,0.140043,0.151585,0.155468,0.154907,0.151626,0.146662,0.0997095,0.140043,0.151585,0.155468,0.154907,0.151626,0.146662
0.090137,0.0942814,0.139035,0.152603,0.157277,0.156707,0.152924,0.147173,0.0942814,0.139035,0.152603,0.157277,0.156707,0.152924,0.147173
0.104175,0.0886441,0.137783,0.153629,0.159226,0.15867,0.154336,0.147712,0.0886441,0.137783,0.153629,0.159226,0.15867,0.154336,0.147712
0.119811,0.0828265,0.136251,0.154646,0.16132,0.160808,0.155869,0.14828,0.0828265,0.136251,0.154646,0.16132,0.160808,0.155869,0.14828
0.137228,0.0768643,0.134396,0.155637,0.163565,0.163133,0.157532,0.148873,0.0768643,0.134396,0.155637,0.163565,0.163133,0.157532,0.148873
0.156629,0.0708001,0.13218,0.156578,0.165964,0.165658,0.159332,0.149489,0.0708001,0.13218,0.156578,0.165964,0.165658,0.159332,0.149489
0.178239,0.0646831,0.12956,0.157443,0.168519,0.168398,0.161276,0.150122,0.0646831,0.12956,0.157443,0.168519,0.168398,0.161276,0.150122
0.202305,0.0585681,0.126499,0.1582,0.171232,0.171364,0.163371,0.150765,0.0585681,0.126499,0.1582,0.171232,0.171364,0.163371,0.150765
0.229098,0.0525146,0.122965,0.158814,0.1741,0.174571,0.165624,0.151411,0.0525146,0.122965,0.158814,0.1741,0.174571,0.165624,0.151411
0.258916,0.0465855,0.118932,0.159248,0.177121,0.17803,0.168038,0.152047,0.0465855,0.118932,0.159248,0.177121,0.17803,0.168038,0.152047
0.292084,0.0408445,0.114385,0.159457,0.180286,0.181754,0.170615,0.152658,0.0408445,0.114385,0.159457,0.180286,0.181754,0.170615,0.152658
0.328955,0.0353549,0.109322,0.159397,0.183589,0.185754,0.173358,0.153226,0.0353549,0.109322,0.159397,0.183589,0.185754,0.173358,0.153226
0.369916,0.0301762,0.103757,0.159021,0.187015,0.19004,0.176263,0.153728,0.0301762,0.103757,0.159021,0.187015,0.19004,0.176263,0.153728
0.415381,0.0253626,0.0977212,0.158281,0.190551,0.19462,0.179326,0.154138,0.0253626,0.0977212,0.158281,0.190551,0.19462,0.179326,0.154138
0.465800,0.0209595,0.0912645,0.157133,0.194178,0.199503,0.182537,0.154424,0.0209595,0.0912645,0.157133,0.194178,0.199503,0.182537,0.154424
0.521655,0.0170022,0.0844549,0.155532,0.197877,0.204696,0.185886,0.154552,0.0170022,0.0844549,0.155532,0.197877,0.204696,0.185886,0.154552
0.583467,0.0135132,0.0773775,0.15344,0.201626,0.210205,0.189357,0.154481,0.0135132,0.0773775,0.15344,0.201626,0.210205,0.189357,0.154481
0.651792,0.0105015,0.0701311,0.150825,0.205403,0.216038,0.192932,0.15417,0.0105015,0.0701311,0.150825,0.205403,0.216038,0.192932,0.15417
0.727231,0.00796143,0.062825,0.147662,0.209183,0.222203,0.196591,0.153575,0.00796143,0.062825,0.147662,0.209183,0.222203,0.196591,0.153575
0.810430,0.00587339,0.0555736,0.143933,0.212945,0.228711,0.200312,0.152652,0.00587339,0.0555736,0.143933,0.212945,0.228711,0.200312,0.152652
0.902088,0.00420476,0.0484913,0.13963,0.216665,0.235579,0.204074,0.151357,0.00420476,0.0484913,0.13963,0.216665,0.235579,0.204074,0.151357
1.002965,0.00291223,0.0416882,0.134753,0.22032,0.242824,0.207853,0.14965,0.00291223,0.0416882,0.134753,0.22032,0.242824,0.207853,0.14965
1.113887,0.00194489,0.0352651,0.129312,0.223886,0.250472,0.211627,0.147494,0.00194489,0.0352651,0.129312,0.223886,0.250472,0.211627,0.147494
1.235754,0.00124784,0.0293096,0.123324,0.227338,0.258551,0.215374,0.144857,0.00124784,0.0293096,0.123324,0.227338,0.258551,0.215374,0.144857
1.369546,0.000766089,0.0238932,0.116818,0.230645,0.267096,0.21907,0.141711,0.000766089,0.0238932,0.116818,0.230645,0.267096,0.21907,0.141711
1.516330,0.000448073,0.0190683,0.109834,0.233775,0.276147,0.22269,0.138037,0.000448073,0.0190683,0.109834,0.233775,0.276147,0.22269,0.138037
1.677269,0.00024847,0.0148662,0.102423,0.236689,0.285744,0.226208,0.133821,0.00024847,0.0148662,0.102423,0.236689,0.285744,0.226208,0.133821
1.853626,0.000129942,0.0112958,0.094654,0.239342,0.295935,0.229589,0.129054,0.000129942,0.0112958,0.094654,0.239342,0.295935,0.229589,0.129054
2.046781,6.37162e-05,0.00834324,0.0866065,0.241681,0.306766,0.232798,0.123742,6.37162e-05,0.00834324,0.0866065,0.241681,0.306766,0.232798,0.123742
2.258243,2.91063e-05,0.00597318,0.0783763,0.243648,0.318288,0.23579,0.117895,2.91063e-05,0.00597318,0.0783763,0.243648,0.318288,0.23579,0.117895
2.489665,1.22998e-05,0.00413198,0.0700714,0.245174,0.330555,0.238517,0.111539,1.22998e-05,0.00413198,0.0700714,0.245174,0.330555,0.238517,0.111539
2.742868,4.77117e-06,0.00275219,0.0618102,0.246183,0.343618,0.24092,0.104712,4.77117e-06,0.00275219,0.0618102,0.246183,0.343618,0.24092,0.104712
3.019855,1.68447e-06,0.00175832,0.0537179,0.246588,0.357533,0.242936,0.0974654,1.68447e-06,0.00175832,0.0537179,0.246588,0.357533,0.242936,0.0974654
3.322833,5.36235e-07,0.00107292,0.0459225,0.246296,0.37235,0.244491,0.0898675,5.36235e-07,0.00107292,0.0459225,0.246296,0.37235,0.244491,0.0898675
3.654233,1.52346e-07,0.000622384,0.038549,0.245207,0.38812,0.245501,0.0820004,1.52346e-07,0.000622384,0.038549,0.245207,0.38812,0.245501,0.0820004
4.016733,3.81923e-08,0.00034146,0.0317129,0.243218,0.404889,0.245877,0.0739611,3.81923e-08,0.00034146,0.0317129,0.243218,0.404889,0.245877,0.0739611
4.413292,8.34423e-09,0.000176183,0.0255137,0.240228,0.422703,0.245519,0.0658598,8.34423e-09,0.000176183,0.0255137,0.240228,0.422703,0.245519,0.0658598
4.847192,1.56715e-09,8.49662e-05,0.0200269,0.236144,0.441603,0.244324,0.0578177,1.56715e-09,8.49662e-05,0.0200269,0.236144,0.441603,0.244324,0.0578177
5.322099,2.49232e-10,3.80402e-05,0.0152987,0.230884,0.461631,0.242185,0.0499631,2.49232e-10,3.80402e-05,0.0152987,0.230884,0.461631,0.242185,0.0499631
5.842119,3.30121e-11,1.56933e-05,0.0113417,0.224385,0.482829,0.239002,0.0424264,3.30121e-11,1.56933e-05,0.0113417,0.224385,0.482829,0.239002,0.0424264
6.411881,3.57617e-12,5.91674e-06,0.00813476,0.216604,0.505242,0.234679,0.0353342,3.57617e-12,5.91674e-06,0.00813476,0.216604,0.505242,0.234679,0.0353342
7.036592,3.10578e-13,2.02018e-06,0.00562542,0.207523,0.528912,0.229136,0.0288013,3.10578e-13,2.02018e-06,0.00562542,0.207523,0.528912,0.229136,0.0288013
7.722097,2.11553e-14,6.18368e-07,0.00373626,0.197151,0.553878,0.222311,0.0229234,2.11553e-14,6.18368e-07,0.00373626,0.197151,0.553878,0.222311,0.0229234
8.474905,1.10338e-15,1.67799e-07,0.00237312,0.185532,0.58016,0.214164,0.01777,1.10338e-15,1.67799e-07,0.00237312,0.185532,0.58016,0.214164,0.01777
9.302191,4.29181e-17,3.98689e-08,0.00143454,0.172747,0.607754,0.204685,0.0133788,4.29181e-17,3.98689e-08,0.00143454,0.172747,0.607754,0.204685,0.0133788
10.211778,1.20939e-18,8.18153e-09,0.000820899,0.158922,0.636609,0.193895,0.00975286,1.20939e-18,8.18153e-09,0.000820899,0.158922,0.636609,0.193895,0.00975286
11.212089,2.39136e-20,1.42841e-09,0.000442061,0.144235,0.666609,0.181854,0.00686053,2.39136e-20,1.42841e-09,0.000442061,0.144235,0.666609,0.181854,0.00686053
12.312106,3.20337e-22,2.08701e-10,0.000222574,0.12892,0.697554,0.168664,0.00463962,3.20337e-22,2.08701e-10,0.000222574,0.12892,0.697554,0.168664,0.00463962
13.521346,2.79641e-24,2.50627e-11,0.00010404,0.113269,0.729146,0.154477,0.00300425,2.79641e-24,2.50627e-11,0.00010404,0.113269,0.729146,0.154477,0.00300425
14.849883,1.52413e-26,2.42573e-12,4.48079e-05,0.0976223,0.760978,0.1395,0.00185429,1.52413e-26,2.42573e-12,4.48079e-05,0.0976223,0.760978,0.1395,0.00185429
16.308449,4.94688e-29,1.85223e-13,1.76349e-05,0.082355,0.792547,0.123995,0.00108561,4.94688e-29,1.85223e-13,1.76349e-05,0.082355,0.792547,0.123995,0.00108561
17.908631,9.07514e-32,1.09016e-14,6.28689e-06,0.0678495,0.82327,0.108275,0.000599632,9.07514e-32,1.09016e-14,6.28689e-06,0.0678495,0.82327,0.108275,0.000599632
19.663162,8.88359e-35,4.82197e-16,2.01109e-06,0.0544627,0.85253,0.0926947,0.000310614,8.88359e-35,4.82197e-16,2.01109e-06,0.0544627,0.85253,0.0926947,0.000310614
21.586292,4.35518e-38,1.55899e-17,5.71369e-07,0.0424914,0.879727,0.0776307,0.000149912,4.35518e-38,1.55899e-17,5.71369e-07,0.0424914,0.879727,0.0776307,0.000149912
23.694179,9.97303e-42,3.57364e-19,1.42581e-07,0.0321422,0.904337,0.0634538,6.6924e-05,9.97303e-42,3.57364e-19,1.42581e-07,0.0321422,0.904337,0.0634538,6.6924e-05
26.005262,9.8807e-46,5.61624e-21,3.08724e-08,0.0235127,0.925962,0.0504981,2.74158e-05,9.8807e-46,5.61624e-21,3.08724e-08,0.0235127,0.925962,0.0504981,2.74158e-05
28.540553,3.89369e-50,5.83087e-23,5.72277e-09,0.0165881,0.944372,0.0390293,1.02163e-05,3.89369e-50,5.83087e-23,5.72277e-09,0.0165881,0.944372,0.0390293,1.02163e-05
31.323820,5.56478e-55,3.83847e-25,8.94756e-10,0.0112534,0.959524,0.029219,3.43014e-06,5.56478e-55,3.83847e-25,8.94756e-10,0.0112534,0.959524,0.029219,3.43014e-06
34.381662,2.60621e-60,1.53115e-27,1.16064e-10,0.00731768,0.971551,0.0211306,1.02691e-06,2.60621e-60,1.53115e-27,1.16064e-10,0.00731768,0.971551,0.0211306,1.02691e-06
37.743527,3.57813e-66,3.52003e-30,1.22643e-11,0.00454491,0.980736,0.0147189,2.71052e-07,3.57813e-66,3.52003e-30,1.22643e-11,0.00454491,0.980736,0.0147189,2.71052e-07
41.441698,1.27406e-72,4.41299e-33,1.03453e-12,0.00268547,0.987469,0.00984515,6.23081e-08,1.27406e-72,4.41299e-33,1.03453e-12,0.00268547,0.987469,0.00984515,6.23081e-08
45.511338,1.02821e-79,2.83872e-36,6.81193e-14,0.00150291,0.992195,0.00630241,1.23089e-08,1.02821e-79,2.83872e-36,6.81193e-14,0.00150291,0.992195,0.00630241,1.23089e-08
49.990624,1.62161e-87,8.762e-40,3.41592e-15,0.000792702,0.99536,0.00384715,2.05948e-09,1.62161e-87,8.762e-40,3.41592e-15,0.000792702,0.99536,0.00384715,2.05948e-09
54.921004,4.24528e-96,1.2055e-43,1.26953e-16,0.000391864,0.997378,0.00223025,2.87244e-10,4.24528e-96,1.2055e-43,1.26953e-16,0.000391864,0.997378,0.00223025,2.87244e-10
60.347585,1.54159e-105,6.81769e-48,3.39377e-18,0.000180434,0.998597,0.00122228,3.2817e-11,1.54159e-105,6.81769e-48,3.39377e-18,0.000180434,0.998597,0.00122228,3.2817e-11
66.319623,6.37249e-116,1.44992e-52,6.31439e-20,7.68533e-05,0.999293,0.000630047,3.01244e-12,6.37249e-116,1.44992e-52,6.31439e-20,7.68533e-05,0.999293,0.000630047,3.01244e-12
72.891100,2.4127e-127,1.05144e-57,7.88621e-22,3.00501e-05,0.999666,0.000303717,2.17499e-13,2.4127e-127,1.05144e-57,7.88621e-22,3.00501e-05,0.999666,0.000303717,2.17499e-13
80.121350,6.58685e-140,2.33466e-63,6.35334e-24,1.06953e-05,0.999853,0.000136042,1.20637e-14,6.58685e-140,2.33466e-63,6.35334e-24,1.06953e-05,0.999853,0.000136042,1.20637e-14
88.075698,9.9673e-154,1.41017e-69,3.16017e-26,3.43276e-06,0.99994,5.62189e-05,5.00822e-16,9.9673e-154,1.41017e-69,3.16017e-26,3.43276e-06,0.99994,5.62189e-05,5.00822e-16
96.826124,6.25939e-169,2.03424e-76,9.2484e-29,9.8339e-07,0.999978,2.12642e-05,1.5121e-17,6.25939e-169,2.03424e-76,9.2484e-29,9.8339e-07,0.999978,2.12642e-05,1.5121e-17
106.451943,1.18664e-185,6.07335e-84,1.51023e-31,2.48604e-07,0.999992,7.29733e-06,3.21666e-19,1.18664e-185,6.07335e-84,1.51023e-31,2.48604e-07,0.999992,7.29733e-06,3.21666e-19
117.040515,4.78519e-204,3.2059e-92,1.29812e-34,5.47731e-08,0.999998,2.25017e-06,4.65565e-21,4.78519e-204,3.2059e-92,1.29812e-34,5.47731e-08,0.999998,2.25017e-06,4.65565e-21
128.688018,2.79284e-224,2.51605e-101,5.50816e-38,1.03736e-08,0.999999,6.16832e-07,4.41166e-23,2.79284e-224,2.51605e-101,5.50816e-38,1.03736e-08,0.999999,6.16832e-07,4.41166e-23
141.500300,1.54458e-246,2.42641e-111,1.07515e-41,1.66352e-09,1,1.48563e-07,2.6235e-25,1.54458e-246,2.42641e-111,1.07515e-41,1.66352e-09,1,1.48563e-07,2.6235e-25
155.593819,5.07987e-271,2.33149e-122,8.93255e-46,2.22146e-10,1,3.10334e-08,9.34513e-28,5.07987e-271,2.33149e-122,8.93255e-46,2.22146e-10,1,3.10334e-08,9.34513e-28
171.096694,5.95113e-298,1.77243e-134,2.90024e-50,2.42553e-11,1,5.54292e-09,1.89435e-30,5.95113e-298,1.77243e-134,2.90024e-50,2.42553e-11,1,5.54292e-09,1.89435e-30
188.149857,0,8.27179e-148,3.34994e-55,2.12224e-12,1,8.33373e-10,2.06549e-33,0,8.27179e-148,3.34994e-55,2.12224e-12,1,8.33373e-10,2.06549e-33
206.908336,0,1.7928e-162,1.24137e-60,1.45539e-13,1,1.03669e-10,1.13852e-36,0,1.7928e-162,1.24137e-60,1.45539e-13,1,1.03669e-10,1.13852e-36
227.542664,0,1.32757e-178,1.3172e-66,7.63453e-15,1,1.04699e-11,2.9634e-40,0,1.32757e-178,1.3172e-66,7.63453e-15,1,1.04699e-11,2.9634e-40
250.240424,0,2.39628e-196,3.53164e-73,2.9824e-16,1,8.40742e-13,3.37898e-44,0,2.39628e-196,3.53164e-73,2.9824e-16,1,8.40742e-13,3.37898e-44
275.207960,0,7.27215e-216,2.08514e-80,8.4242e-18,1,5.24633e-14,1.55411e-48,0,7.27215e-216,2.08514e-80,8.4242e-18,1,5.24633e-14,1.55411e-48
302.672249,0,2.46605e-237,2.33028e-88,1.66566e-19,1,2.48066e-15,2.63296e-53,0,2.46605e-237,2.33028e-88,1.66566e-19,1,2.48066e-15,2.63296e-53
332.882968,0,5.96177e-261,4.17358e-97,2.2246e-21,1,8.64473e-17,1.48698e-58,0,5.96177e-261,4.17358e-97,2.2246e-21,1,8.64473e-17,1.48698e-58
366.114758,0,6.26737e-287,9.97517e-107,1.92967e-23,1,2.15354e-18,2.50814e-64,0,6.26737e-287,9.97517e-107,1.92967e-23,1,2.15354e-18,2.50814e-64
402.669728,0,1.66328e-315,2.60119e-117,1.04121e-25,1,3.70848e-20,1.11971e-70,0,1.66328e-315,2.60119e-117,1.04121e-25,1,3.70848e-20,1.11971e-70
442.880194,0,0,5.92994e-129,3.3327e-28,1,4.25443e-22,1.15832e-77,0,0,5.92994e-129,3.3327e-28,1,4.25443e-22,1.15832e-77
487.111708,0,0,9.26223e-142,6.00595e-31,1,3.12214e-24,2.39899e-85,0,0,9.26223e-142,6.00595e-31,1,3.12214e-24,2.39899e-85
535.766372,0,0,7.58136e-156,5.75368e-34,1,1.4016e-26,8.46932e-94,0,0,7.58136e-156,5.75368e-34,1,1.4016e-26,8.46932e-94
589.286503,0,0,2.42149e-171,2.75072e-37,1,3.66449e-29,4.27021e-103,0,0,2.42149e-171,2.75072e-37,1,3.66449e-29,4.27021e-103
648.158647,0,0,2.18198e-188,6.12205e-41,1,5.28618e-32,2.53111e-113,0,0,2.18198e-188,6.12205e-41,1,5.28618e-32,2.53111e-113
712.918005,0,0,3.88236e-207,5.87614e-45,1,3.96445e-35,1.42383e-124,0,0,3.88236e-207,5.87614e-45,1,3.96445e-35,1.42383e-124
784.153299,0,0,9.21226e-228,2.23618e-49,1,1.44786e-38,6.00647e-137,0,0,9.21226e-228,2.23618e-49,1,1.44786e-38,6.00647e-137
862.512123,0,0,1.89305e-250,3.07584e-54,1,2.39622e-42,1.46655e-150,0,0,1.89305e-250,3.07584e-54,1,2.39622e-42,1.46655e-150
948.706829,0,0,2.09527e-275,1.38123e-59,1,1.66038e-46,1.55863e-165,0,0,2.09527e-275,1.38123e-59,1,1.66038e-46,1.55863e-165
1043.521005,0,0,7.40839e-303,1.8105e-65,1,4.41524e-51,5.27029e-182,0,0,7.40839e-303,1.8105e-65,1,4.41524e-51,5.27029e-182
1147.816600,0,0,0,6.12468e-72,1,4.09427e-56,4.01637e-200,0,0,0,6.12468e-72,1,4.09427e-56,4.01637e-200
1262.541753,0,0,0,4.66979e-79,1,1.19157e-61,4.72099e-220,0,0,0,4.66979e-79,1,1.19157e-61,4.72099e-220
1388.739422,0,0,0,6.91406e-87,1,9.69302e-68,5.63966e-242,0,0,0,6.91406e-87,1,9.69302e-68,5.63966e-242
1527.556858,0,0,0,1.68738e-95,1,1.94013e-74,4.32707e-266,0,0,0,1.68738e-95,1,1.94013e-74,4.32707e-266
1680.256038,0,0,0,5.66812e-105,1,8.30504e-82,1.28715e-292,0,0,0,5.66812e-105,1,8.30504e-82,1.28715e-292
1848.225135,0,0,0,2.14926e-115,1,6.51632e-90,8.49793e-322,0,0,0,2.14926e-115,1,6.51632e-90,8.49793e-322
2032.991142,0,0,0,7.39645e-127,1,7.90914e-99,0,0,0,0,7.39645e-127,1,7.90914e-99,0
2236.233750,0,0,0,1.81732e-139,1,1.23217e-108,0,0,0,0,1.81732e-139,1,1.23217e-108,0
2459.800619,0,0,0,2.44839e-153,1,2.00661e-119,0,0,0,0,2.44839e-153,1,2.00661e-119,0
2705.724174,0,0,0,1.35293e-168,1,2.72543e-131,0,0,0,0,1.35293e-168,1,2.72543e-131,0
2976.240085,0,0,0,2.22796e-185,1,2.40827e-144,0,0,0,0,2.22796e-185,1,2.40827e-144,0
3273.807587,0,0,0,7.69492e-204,1,1.05342e-158,0,0,0,0,7.69492e-204,1,1.05342e-158,0
3601.131840,0,0,0,3.78731e-224,1,1.68885e-174,0,0,0,0,3.78731e-224,1,1.68885e-174,0
3961.188518,0,0,0,1.73648e-246,1,7.12978e-192,0,0,0,0,1.73648e-246,1,7.12978e-192,0
4357.250863,0,0,0,4.64667e-271,1,5.50948e-211,0,0,0,0,4.64667e-271,1,5.50948e-211,0
4792.919443,0,0,0,4.33872e-298,1,5.22334e-232,0,0,0,0,4.33872e-298,1,5.22334e-232,0
5272.154881,0,0,0,0,1,3.91264e-255,0,0,0,0,0,1,3.91264e-255,0
5799.313863,0,0,0,0,1,1.42706e-280,0,0,0,0,0,1,1.42706e-280,0
6379.188743,0,0,0,0,1,1.48804e-308,0,0,0,0,0,1,1.48804e-308,0
7017.051110,0,0,0,0,1,0,0,0,0,0,0,1,0,0
7718.699715,0,0,0,0,1,0,0,0,0,0,0,1,0,0
8490.513180,0,0,0,0,1,0,0,0,0,0,0,1,0,0
9339.507992,0,0,0,0,1,0,0,0,0,0,0,1,0,0
10273.402285,0,0,0,0,1,0,0,0,0,0,0,1,0,0
11300.686007,0,0,0,0,1,0,0,0,0,0,0,1,0,0
12430.698101,0,0,0,0,1,0,0,0,0,0,0,1,0,0
13673.711405,0,0,0,0,1,0,0,0,0,0,0,1,0,0
15041.026039,0,0,0,0,1,0,0,0,0,0,0,1,0,0
16545.072137,0,0,0,0,1,0,0,0,0,0,0,1,0,0
18199.522844,0,0,0,0,1,0,0,0,0,0,0,1,0,0
20019.418622,0,0,0,0,1,0,0,0,0,0,0,1,0,0
22021.303978,0,0,0,0,1,0,0,0,0,0,0,1,0,0
24223.377870,0,0,0,0,1,0,0,0,0,0,0,1,0,0
26645.659150,0,0,0,0,1,0,0,0,0,0,0,1,0,0
29310.168559,0,0,0,0,1,0,0,0,0,0,0,1,0,0
32241.128909,0,0,0,0,1,0,0,0,0,0,0,1,0,0
35465.185293,0,0,0,0,1,0,0,0,0,0,0,1,0,0
39011.647316,0,0,0,0,1,0,0,0,0,0,0,1,0,0
42912.755541,0,0,0,0,1,0,0,0,0,0,0,1,0,0
47203.974589,0,0,0,0,1,0,0,0,0,0,0,1,0,0
51924.315542,0,0,0,0,1,0,0,0,0,0,0,1,0,0
57116.690590,0,0,0,0,1,0,0,0,0,0,0,1,0,0
62828.303142,0,0,0,0,1,0,0,0,0,0,0,1,0,0
69111.076950,0,0,0,0,1,0,0,0,0,0,0,1,0,0
76022.128139,0,0,0,0,1,0,0,0,0,0,0,1,0,0
83624.284446,0,0,0,0,1,0,0,0,0,0,0,1,0,0
91986.656385,0,0,0,0,1,0,0,0,0,0,0,1,0,0
101185.265517,0,0,0,0,1,0,0,0,0,0,0,1,0,0
111303.735562,0,0,0,0,1,0,0,0,0,0,0,1,0,0
122434.052612,0,0,0,0,1,0,0,0,0,0,0,1,0,0
134677.401367,0,0,0,0,1,0,0,0,0,0,0,1,0,0
148145.084997,0,0,0,0,1,0,0,0,0,0,0,1,0,0
162959.536991,0,0,0,0,1,0,0,0,0,0,0,1,0,0
179255.434183,0,0,0,0,1,0,0,0,0,0,0,1,0,0
197180.921095,0,0,0,0,1,0,0,0,0,0,0,1,0,0
216898.956698,0,0,0,0,1,0,0,0,0,0,0,1,0,0
238588.795862,0,0,0,0,1,0,0,0,0,0,0,1,0,0
262447.618942,0,0,0,0,1,0,0,0,0,0,0,1,0,0
288692.324330,0,0,0,0,1,0,0,0,0,0,0,1,0,0
317561.500256,0,0,0,0,1,0,0,0,0,0,0,1,0,0
349317.593776,0,0,0,0,1,0,0,0,0,0,0,1,0,0
384249.296647,0,0,0,0,1,0,0,0,0,0,0,1,0,0
422674.169805,0,0,0,0,1,0,0,0,0,0,0,1,0,0
464941.530279,0,0,0,0,1,0,0,0,0,0,0,1,0,0
511435.626801,0,0,0,0,1,0,0,0,0,0,0,1,0,0
562579.132975,0,0,0,0,1,0,0,0,0,0,0,1,0,0
618836.989766,0,0,0,0,1,0,0,0,0,0,0,1,0,0
680720.632236,0,0,0,0,1,0,0,0,0,0,0,1,0,0
748792.638953,0,0,0,0,1,0,0,0,0,0,0,1,0,0
823671.846342,0,0,0,0,1,0,0,0,0,0,0,1,0,0
906038.974470,0,0,0,0,1,0,0,0,0,0,0,1,0,0
996642.815411,0,0,0,0,1,0,0,0,0,0,0,1,0,0
1096307.040446,0,0,0,0,1,0,0,0,0,0,0,1,0,0
