0.000000,0.142857,0.142857,0.142857,0.142857,0.142857,0.142857,0.142857,0.142857,0.142857,0.142857,0.142857,0.142857,0.142857,0.142857,0.142857,0.142857,0.142857,0.142857,0.142857,0.142857,0.142857
0.006414,0.140759,0.142572,0.143256,0.143519,0.143519,0.143341,0.143035,0.140759,0.142572,0.143256,0.143519,0.143519,0.143341,0.143035,0.140759,0.142572,0.143256,0.143519,0.143519,0.143341,0.143035
0.013548,0.138485,0.142245,0.143689,0.144244,0.144245,0.143869,0.143223,0.138485,0.142245,0.143689,0.144244,0.144245,0.143869,0.143223,0.138485,0.142245,0.143689,0.144244,0.144245,0.143869,0.143223
0.021490,0.136022,0.141871,0.144155,0.145041,0.145044,0.144446,0.143421,0.136022,0.141871,0.144155,0.145041,0.145044,0.144446,0.143421,0.136022,0.141871,0.144155,0.145041,0.145044,0.144446,0.143421
0.030340,0.13336,0.141441,0.144659,0.145914,0.145921,0.145077,0.143628,0.13336,0.141441,0.144659,0.145914,0.145921,0.145077,0.143628,0.13336,0.141441,0.144659,0.145914,0.145921,0.145077,0.143628
0.040211,0.130489,0.140947,0.145201,0.146872,0.146885,0.145764,0.143843,0.130489,0.140947,0.145201,0.146872,0.146885,0.145764,0.143843,0.130489,0.140947,0.145201,0.146872,0.146885,0.145764,0.143843
0.051232,0.127398,0.14038,0.145782,0.147921,0.147942,0.146512,0.144064,0.127398,0.14038,0.145782,0.147921,0.147942,0.146512,0.144064,0.127398,0.14038,0.145782,0.147921,0.147942,0.146512,0.144064
0.063548,0.124079,0.139729,0.146404,0.149071,0.149103,0.147326,0.144288,0.124079,0.139729,0.146404,0.149071,0.149103,0.147326,0.144288,0.124079,0.139729,0.146404,0.149071,0.149103,0.147326,0.144288
0.077326,0.120523,0.138982,0.147068,0.15033,0.150376,0.148209,0.144512,0.120523,0.138982,0.147068,0.15033,0.150376,0.148209,0.144512,0.120523,0.138982,0.147068,0.15033,0.150376,0.148209,0.144512
0.092755,0.116725,0.138124,0.147774,0.151708,0.151772,0.149166,0.14473,0.116725,0.138124,0.147774,0.151708,0.151772,0.149166,0.14473,0.116725,0.138124,0.147774,0.151708,0.151772,0.149166,0.14473
0.110049,0.112681,0.137142,0.148523,0.153216,0.153302,0.150201,0.144935,0.112681,0.137142,0.148523,0.153216,0.153302,0.150201,0.144935,0.112681,0.137142,0.148523,0.153216,0.153302,0.150201,0.144935
0.129452,0.10839,0.136018,0.149312,0.154863,0.154978,0.151318,0.145121,0.10839,0.136018,0.149312,0.154863,0.154978,0.151318,0.145121,0.10839,0.136018,0.149312,0.154863,0.154978,0.151318,0.145121
0.151242,0.103854,0.134735,0.150142,0.156663,0.156811,0.152519,0.145276,0.103854,0.134735,0.150142,0.156663,0.156811,0.152519,0.145276,0.103854,0.134735,0.150142,0.156663,0.156811,0.152519,0.145276
0.175731,0.0990804,0.133272,0.151008,0.158628,0.158816,0.153807,0.145388,0.0990804,0.133272,0.151008,0.158628,0.158816,0.153807,0.145388,0.0990804,0.133272,0.151008,0.158628,0.158816,0.153807,0.145388
0.203272,0.0940797,0.131611,0.151908,0.160771,0.161006,0.155182,0.145442,0.0940797,0.131611,0.151908,0.160771,0.161006,0.155182,0.145442,0.0940797,0.131611,0.151908,0.160771,0.161006,0.155182,0.145442
0.234262,0.0888681,0.129731,0.152837,0.163106,0.163396,0.156645,0.145418,0.0888681,0.129731,0.152837,0.163106,0.163396,0.156645,0.145418,0.0888681,0.129731,0.152837,0.163106,0.163396,0.156645,0.145418
0.269145,0.0834675,0.127609,0.153789,0.165649,0.166,0.158192,0.145294,0.0834675,0.127609,0.153789,0.165649,0.166,0.158192,0.145294,0.0834675,0.127609,0.153789,0.165649,0.166,0.158192,0.145294
0.308415,0.0779055,0.125227,0.154755,0.168413,0.168834,0.15982,0.145045,0.0779055,0.125227,0.154755,0.168413,0.168834,0.15982,0.145045,0.0779055,0.125227,0.154755,0.168413,0.168834,0.15982,0.145045
0.352616,0.0722163,0.122565,0.155728,0.171417,0.171914,0.161521,0.14464,0.0722163,0.122565,0.155728,0.171417,0.171914,0.161521,0.14464,0.0722163,0.122565,0.155728,0.171417,0.171914,0.161521,0.14464
0.402345,0.0664399,0.119605,0.156695,0.174676,0.175255,0.163285,0.144046,0.0664399,0.119605,0.156695,0.174676,0.175255,0.163285,0.144046,0.0664399,0.119605,0.156695,0.174676,0.175255,0.163285,0.144046
0.458249,0.0606222,0.116333,0.157643,0.178207,0.178873,0.165098,0.143224,0.0606222,0.116333,0.157643,0.178207,0.178873,0.165098,0.143224,0.0606222,0.116333,0.157643,0.178207,0.178873,0.165098,0.143224
0.521023,0.0548146,0.112738,0.158558,0.182028,0.182783,0.166943,0.142136,0.0548146,0.112738,0.158558,0.182028,0.182783,0.166943,0.142136,0.0548146,0.112738,0.158558,0.182028,0.182783,0.166943,0.142136
0.591404,0.0490726,0.108814,0.159421,0.186156,0.186999,0.168798,0.140739,0.0490726,0.108814,0.159421,0.186156,0.186999,0.168798,0.140739,0.0490726,0.108814,0.159421,0.186156,0.186999,0.168798,0.140739
0.670165,0.0434547,0.104559,0.160212,0.190609,0.191536,0.170639,0.138992,0.0434547,0.104559,0.160212,0.190609,0.191536,0.170639,0.138992,0.0434547,0.104559,0.160212,0.190609,0.191536,0.170639,0.138992
0.758105,0.0380209,0.0999779,0.160906,0.195402,0.196406,0.172435,0.136853,0.0380209,0.0999779,0.160906,0.195402,0.196406,0.172435,0.136853,0.0380209,0.0999779,0.160906,0.195402,0.196406,0.172435,0.136853
0.856045,0.0328305,0.0950809,0.161475,0.200551,0.201621,0.174155,0.134287,0.0328305,0.0950809,0.161475,0.200551,0.201621,0.174155,0.134287,0.0328305,0.0950809,0.161475,0.200551,0.201621,0.174155,0.134287
0.964819,0.0279401,0.0898852,0.161887,0.206069,0.207192,0.175763,0.131264,0.0279401,0.0898852,0.161887,0.206069,0.207192,0.175763,0.131264,0.0279401,0.0898852,0.161887,0.206069,0.207192,0.175763,0.131264
1.085270,0.0234013,0.0844149,0.162105,0.211968,0.213129,0.177221,0.127761,0.0234013,0.0844149,0.162105,0.211968,0.213129,0.177221,0.127761,0.0234013,0.0844149,0.162105,0.211968,0.213129,0.177221,0.127761
1.218250,0.0192578,0.0787017,0.162086,0.218257,0.219439,0.178492,0.123766,0.0192578,0.0787017,0.162086,0.218257,0.219439,0.178492,0.123766,0.0192578,0.0787017,0.162086,0.218257,0.219439,0.178492,0.123766
1.364630,0.0155435,0.0727853,0.161782,0.224942,0.226132,0.179535,0.11928,0.0155435,0.0727853,0.161782,0.224942,0.226132,0.179535,0.11928,0.0155435,0.0727853,0.161782,0.224942,0.226132,0.179535,0.11928
1.525306,0.0122804,0.0667137,0.161141,0.232025,0.233215,0.180311,0.114315,0.0122804,0.0667137,0.161141,0.232025,0.233215,0.180311,0.114315,0.0122804,0.0667137,0.161141,0.232025,0.233215,0.180311,0.114315
1.701227,0.00947644,0.0605439,0.160106,0.239505,0.240695,0.18078,0.108894,0.00947644,0.0605439,0.160106,0.239505,0.240695,0.18078,0.108894,0.00947644,0.0605439,0.160106,0.239505,0.240695,0.18078,0.108894
1.893412,0.00712545,0.0543416,0.158618,0.247378,0.248581,0.180903,0.103053,0.00712545,0.0543416,0.158618,0.247378,0.248581,0.180903,0.103053,0.00712545,0.0543416,0.158618,0.247378,0.248581,0.180903,0.103053
2.102984,0.00520685,0.0481804,0.156618,0.255636,0.256879,0.180641,0.0968394,0.00520685,0.0481804,0.156618,0.255636,0.256879,0.180641,0.0968394,0.00520685,0.0481804,0.156618,0.255636,0.256879,0.180641,0.0968394
2.331197,0.00368711,0.0421403,0.154046,0.264266,0.265597,0.179955,0.0903081,0.00368711,0.0421403,0.154046,0.264266,0.265597,0.179955,0.0903081,0.00368711,0.0421403,0.154046,0.264266,0.265597,0.179955,0.0903081
2.579466,0.00252222,0.0363053,0.150848,0.273252,0.274744,0.178805,0.0835238,0.00252222,0.0363053,0.150848,0.273252,0.274744,0.178805,0.0835238,0.00252222,0.0363053,0.150848,0.273252,0.274744,0.178805,0.0835238
2.849398,0.00166101,0.0307595,0.146976,0.282571,0.284324,0.17715,0.0765582,0.00166101,0.0307595,0.146976,0.282571,0.284324,0.17715,0.0765582,0.00166101,0.0307595,0.146976,0.282571,0.284324,0.17715,0.0765582
3.142809,0.00104911,0.0255831,0.142392,0.292195,0.294341,0.17495,0.0694891,0.00104911,0.0255831,0.142392,0.292195,0.294341,0.17495,0.0694891,0.00104911,0.0255831,0.142392,0.292195,0.294341,0.17495,0.0694891
3.461756,0.000632899,0.020847,0.137073,0.302089,0.304796,0.172163,0.0623996,0.000632899,0.020847,0.137073,0.302089,0.304796,0.172163,0.0623996,0.000632899,0.020847,0.137073,0.302089,0.304796,0.172163,0.0623996
3.808556,0.000363038,0.0166085,0.131011,0.31221,0.315684,0.168747,0.055377,0.000363038,0.0166085,0.131011,0.31221,0.315684,0.168747,0.055377,0.000363038,0.0166085,0.131011,0.31221,0.315684,0.168747,0.055377
4.185812,0.000197025,0.0129064,0.124221,0.322506,0.326994,0.164664,0.0485108,0.000197025,0.0129064,0.124221,0.322506,0.326994,0.164664,0.0485108,0.000197025,0.0129064,0.124221,0.322506,0.326994,0.164664,0.0485108
4.596445,0.000100617,0.00975816,0.116743,0.332919,0.338708,0.15988,0.0418909,0.000100617,0.00975816,0.116743,0.332919,0.338708,0.15988,0.0418909,0.000100617,0.00975816,0.116743,0.332919,0.338708,0.15988,0.0418909
5.043724,4.80634e-05,0.00715847,0.10864,0.343378,0.350802,0.154369,0.0356048,4.80634e-05,0.00715847,0.10864,0.343378,0.350802,0.154369,0.0356048,4.80634e-05,0.00715847,0.10864,0.343378,0.350802,0.154369,0.0356048
5.531306,2.13349e-05,0.00507985,0.100006,0.353805,0.363241,0.148113,0.0297342,2.13349e-05,0.00507985,0.100006,0.353805,0.363241,0.148113,0.0297342,2.13349e-05,0.00507985,0.100006,0.353805,0.363241,0.148113,0.0297342
6.063263,8.73716e-06,0.00347556,0.0909603,0.364113,0.375979,0.141111,0.0243516,8.73716e-06,0.00347556,0.0909603,0.364113,0.375979,0.141111,0.0243516,8.73716e-06,0.00347556,0.0909603,0.364113,0.375979,0.141111,0.0243516
6.644113,3.27495e-06,0.00228439,0.0816454,0.374205,0.388964,0.133382,0.0195161,3.27495e-06,0.00228439,0.0816454,0.374205,0.388964,0.133382,0.0195161,3.27495e-06,0.00228439,0.0816454,0.374205,0.388964,0.133382,0.0195161
7.278835,1.11378e-06,0.00143669,0.0722253,0.383971,0.402129,0.124967,0.0152698,1.11378e-06,0.00143669,0.0722253,0.383971,0.402129,0.124967,0.0152698,1.11378e-06,0.00143669,0.0722253,0.383971,0.402129,0.124967,0.0152698
7.972881,3.40394e-07,0.000860803,0.0628766,0.393293,0.4154,0.115935,0.0116341,3.40394e-07,0.000860803,0.0628766,0.393293,0.4154,0.115935,0.0116341,3.40394e-07,0.000860803,0.0628766,0.393293,0.4154,0.115935,0.0116341
8.732196,9.24994e-08,0.000488995,0.053782,0.40204,0.428694,0.106387,0.00860767,9.24994e-08,0.000488995,0.053782,0.40204,0.428694,0.106387,0.00860767,9.24994e-08,0.000488995,0.053782,0.40204,0.428694,0.106387,0.00860767
9.563245,2.20897e-08,0.000261979,0.0451203,0.410075,0.441923,0.096454,0.0061658,2.20897e-08,0.000261979,0.0451203,0.410075,0.441923,0.096454,0.0061658,2.20897e-08,0.000261979,0.0451203,0.410075,0.441923,0.096454,0.0061658
10.473078,4.57645e-09,0.000131603,0.0370565,0.417258,0.455,0.0862926,0.00426223,4.57645e-09,0.000131603,0.0370565,0.417258,0.455,0.0862926,0.00426223,4.57645e-09,0.000131603,0.0370565,0.417258,0.455,0.0862926,0.00426223
11.469444,8.10918e-10,6.15931e-05,0.0297315,0.423452,0.46784,0.0760816,0.0028333,8.10918e-10,6.15931e-05,0.0297315,0.423452,0.46784,0.0760816,0.0028333,8.10918e-10,6.15931e-05,0.0297315,0.423452,0.46784,0.0760816,0.0028333
12.560959,1.20986e-10,2.66708e-05,0.0232522,0.428538,0.480368,0.0660108,0.00180409,1.20986e-10,2.66708e-05,0.0232522,0.428538,0.480368,0.0660108,0.00180409,1.20986e-10,2.66708e-05,0.0232522,0.428538,0.480368,0.0660108,0.00180409
13.757319,1.49393e-11,1.06042e-05,0.0176843,0.432424,0.492515,0.0562708,0.00109552,1.49393e-11,1.06042e-05,0.0176843,0.432424,0.492515,0.0562708,0.00109552,1.49393e-11,1.06042e-05,0.0176843,0.432424,0.492515,0.0562708,0.00109552
15.069553,1.49821e-12,3.83941e-06,0.0130468,0.435056,0.50422,0.0470424,0.000631239,1.49821e-12,3.83941e-06,0.0130468,0.435056,0.50422,0.0470424,0.000631239,1.49821e-12,3.83941e-06,0.0130468,0.435056,0.50422,0.0470424,0.000631239
16.510266,1.19534e-13,1.25458e-06,0.00931282,0.436428,0.515428,0.0384869,0.000343133,1.19534e-13,1.25458e-06,0.00931282,0.436428,0.515428,0.0384869,0.000343133,1.19534e-13,1.25458e-06,0.00931282,0.436428,0.515428,0.0384869,0.000343133
18.093853,7.41751e-15,3.66383e-07,0.00641393,0.436585,0.526086,0.0307391,0.000174797,7.41751e-15,3.66383e-07,0.00641393,0.436585,0.526086,0.0307391,0.000174797,7.41751e-15,3.66383e-07,0.00641393,0.436585,0.526086,0.0307391,0.000174797
19.836633,3.49231e-16,9.46161e-08,0.00424977,0.435624,0.536144,0.0239002,8.28151e-05,3.49231e-16,9.46161e-08,0.00424977,0.435624,0.536144,0.0239002,8.28151e-05,3.49231e-16,9.46161e-08,0.00424977,0.435624,0.536144,0.0239002,8.28151e-05
21.756906,1.2141e-17,2.13569e-08,0.00270049,0.433678,0.545552,0.0180332,3.61812e-05,1.2141e-17,2.13569e-08,0.00270049,0.433678,0.545552,0.0180332,3.61812e-05,1.2141e-17,2.13569e-08,0.00270049,0.433678,0.545552,0.0180332,3.61812e-05
23.874925,3.02488e-19,4.16015e-09,0.0016401,0.430914,0.554274,0.0131581,1.44398e-05,3.02488e-19,4.16015e-09,0.0016401,0.430914,0.554274,0.0131581,1.44398e-05,3.02488e-19,4.16015e-09,0.0016401,0.430914,0.554274,0.0131581,1.44398e-05
26.212829,5.22635e-21,6.89541e-10,0.000948397,0.427506,0.56229,0.00924977,5.2108e-06,5.22635e-21,6.89541e-10,0.000948397,0.427506,0.56229,0.00924977,5.2108e-06,5.22635e-21,6.89541e-10,0.000948397,0.427506,0.56229,0.00924977,5.2108e-06
28.794586,6.03912e-23,9.57439e-11,0.000519931,0.423627,0.569611,0.00623962,1.6817e-06,6.03912e-23,9.57439e-11,0.000519931,0.423627,0.569611,0.00623962,1.6817e-06,6.03912e-23,9.57439e-11,0.000519931,0.423627,0.569611,0.00623962,1.6817e-06
31.646002,4.4839e-25,1.09457e-11,0.000268926,0.419431,0.576278,0.00402217,4.79766e-07,4.4839e-25,1.09457e-11,0.000268926,0.419431,0.576278,0.00402217,4.79766e-07,4.4839e-25,1.09457e-11,0.000268926,0.419431,0.576278,0.00402217,4.79766e-07
34.794863,2.04676e-27,1.01066e-12,0.000130518,0.415042,0.582361,0.00246676,1.19495e-07,2.04676e-27,1.01066e-12,0.000130518,0.415042,0.582361,0.00246676,1.19495e-07,2.04676e-27,1.01066e-12,0.000130518,0.415042,0.582361,0.00246676,1.19495e-07
38.271191,5.47082e-30,7.37827e-14,5.90709e-05,0.410556,0.587953,0.00143258,2.564e-08,5.47082e-30,7.37827e-14,5.90709e-05,0.410556,0.587953,0.00143258,2.564e-08,5.47082e-30,7.37827e-14,5.90709e-05,0.410556,0.587953,0.00143258,2.564e-08
42.107625,8.11549e-33,4.15979e-15,2.47596e-05,0.406038,0.593153,0.00078386,4.6716e-09,8.11549e-33,4.15979e-15,2.47596e-05,0.406038,0.593153,0.00078386,4.6716e-09,8.11549e-33,4.15979e-15,2.47596e-05,0.406038,0.593153,0.00078386,4.6716e-09
46.339870,6.2981e-36,1.76478e-16,9.53785e-06,0.401533,0.598056,0.000401851,7.11416e-10,6.2981e-36,1.76478e-16,9.53785e-06,0.401533,0.598056,0.000401851,7.11416e-10,6.2981e-36,1.76478e-16,9.53785e-06,0.401533,0.598056,0.000401851,7.11416e-10
51.007168,2.39626e-39,5.47535e-18,3.34821e-06,0.397066,0.602739,0.000191831,8.8985e-11,2.39626e-39,5.47535e-18,3.34821e-06,0.397066,0.602739,0.000191831,8.8985e-11,2.39626e-39,5.47535e-18,3.34821e-06,0.397066,0.602739,0.000191831,8.8985e-11
56.152760,4.16183e-43,1.20395e-19,1.06116e-06,0.392656,0.607258,8.46857e-05,8.96728e-12,4.16183e-43,1.20395e-19,1.06116e-06,0.392656,0.607258,8.46857e-05,8.96728e-12,4.16183e-43,1.20395e-19,1.06116e-06,0.392656,0.607258,8.46857e-05,8.96728e-12
61.824335,3.05052e-47,1.81262e-21,3.00549e-07,0.388317,0.611648,3.43095e-05,7.12642e-13,3.05052e-47,1.81262e-21,3.00549e-07,0.388317,0.611648,3.43095e-05,7.12642e-13,3.05052e-47,1.81262e-21,3.00549e-07,0.388317,0.611648,3.43095e-05,7.12642e-13
68.074462,8.65624e-52,1.79908e-23,7.52196e-08,0.384063,0.615924,1.26485e-05,4.36197e-14,8.65624e-52,1.79908e-23,7.52196e-08,0.384063,0.615924,1.26485e-05,4.36197e-14,8.65624e-52,1.79908e-23,7.52196e-08,0.384063,0.615924,1.26485e-05,4.36197e-14
74.961047,8.64847e-57,1.12913e-25,1.64311e-08,0.379906,0.62009,4.20337e-06,2.00338e-15,8.64847e-57,1.12913e-25,1.64311e-08,0.379906,0.62009,4.20337e-06,2.00338e-15,8.64847e-57,1.12913e-25,1.64311e-08,0.379906,0.62009,4.20337e-06,2.00338e-15
82.547809,2.7408e-62,4.28054e-28,3.09046e-09,0.375859,0.624139,1.2462e-06,6.70858e-17,2.7408e-62,4.28054e-28,3.09046e-09,0.375859,0.624139,1.2462e-06,6.70858e-17,2.7408e-62,4.28054e-28,3.09046e-09,0.375859,0.624139,1.2462e-06,6.70858e-17
90.904829,2.45631e-68,9.32025e-31,4.93082e-10,0.371935,0.628064,3.25873e-07,1.58693e-18,2.45631e-68,9.32025e-31,4.93082e-10,0.371935,0.628064,3.25873e-07,1.58693e-18,2.45631e-68,9.32025e-31,4.93082e-10,0.371935,0.628064,3.25873e-07,1.58693e-18
100.109156,5.48666e-75,1.10269e-33,6.56467e-11,0.368145,0.631854,7.42219e-08,2.56121e-20,5.48666e-75,1.10269e-33,6.56467e-11,0.368145,0.631854,7.42219e-08,2.56121e-20,5.48666e-75,1.10269e-33,6.56467e-11,0.368145,0.631854,7.42219e-08,2.56121e-20
110.245486,2.65832e-82,6.66945e-37,7.16221e-12,0.364499,0.635501,1.45228e-08,2.71461e-22,2.65832e-82,6.66945e-37,7.16221e-12,0.364499,0.635501,1.45228e-08,2.71461e-22,2.65832e-82,6.66945e-37,7.16221e-12,0.364499,0.635501,1.45228e-08,2.71461e-22
121.406928,2.39771e-90,1.92836e-40,6.2773e-13,0.361003,0.638997,2.4045e-09,1.81181e-24,2.39771e-90,1.92836e-40,6.2773e-13,0.361003,0.638997,2.4045e-09,1.81181e-24,2.39771e-90,1.92836e-40,6.2773e-13,0.361003,0.638997,2.4045e-09,1.81181e-24
133.695837,3.40289e-99,2.47561e-44,4.32383e-14,0.357664,0.642336,3.31306e-10,7.2715e-27,3.40289e-99,2.47561e-44,4.32383e-14,0.357664,0.642336,3.31306e-10,7.2715e-27,3.40289e-99,2.47561e-44,4.32383e-14,0.357664,0.642336,3.31306e-10,7.2715e-27
147.224751,6.31571e-109,1.30104e-48,2.28485e-15,0.354484,0.645516,3.7301e-11,1.66808e-29,6.31571e-109,1.30104e-48,2.28485e-15,0.354484,0.645516,3.7301e-11,1.66808e-29,6.31571e-109,1.30104e-48,2.28485e-15,0.354484,0.645516,3.7301e-11,1.66808e-29
162.117410,1.25066e-119,2.55975e-53,9.01997e-17,0.351468,0.648532,3.36333e-12,2.06861e-32,1.25066e-119,2.55975e-53,9.01997e-17,0.351468,0.648532,3.36333e-12,2.06861e-32,1.25066e-119,2.55975e-53,9.01997e-17,0.351468,0.648532,3.36333e-12,2.06861e-32
178.509883,2.1124e-131,1.70885e-58,2.58359e-18,0.348614,0.651386,2.37563e-13,1.30434e-35,2.1124e-131,1.70885e-58,2.58359e-18,0.348614,0.651386,2.37563e-13,1.30434e-35,2.1124e-131,1.70885e-58,2.58359e-18,0.348614,0.651386,2.37563e-13,1.30434e-35
196.551809,2.37895e-144,3.47399e-64,5.19934e-20,0.345922,0.654078,1.28292e-14,3.90912e-39,2.37895e-144,3.47399e-64,5.19934e-20,0.345922,0.654078,1.28292e-14,3.90912e-39,2.37895e-144,3.47399e-64,5.19934e-20,0.345922,0.654078,1.28292e-14,3.90912e-39
216.407759,1.36244e-158,1.90939e-70,7.09606e-22,0.34339,0.65661,5.15741e-16,5.17078e-43,1.36244e-158,1.90939e-70,7.09606e-22,0.34339,0.65661,5.15741e-16,5.17078e-43,1.36244e-158,1.90939e-70,7.09606e-22,0.34339,0.65661,5.15741e-16,5.17078e-43
238.258735,2.94547e-174,2.48917e-77,6.31726e-24,0.341014,0.658986,1.4987e-17,2.78239e-47,2.94547e-174,2.48917e-77,6.31726e-24,0.341014,0.658986,1.4987e-17,2.78239e-47,2.94547e-174,2.48917e-77,6.31726e-24,0.341014,0.658986,1.4987e-17,2.78239e-47
262.303821,1.73197e-191,6.6645e-85,3.51469e-26,0.33879,0.66121,3.04801e-19,5.56839e-52,1.73197e-191,6.6645e-85,3.51469e-26,0.33879,0.66121,3.04801e-19,5.56839e-52,1.73197e-191,6.6645e-85,3.51469e-26,0.33879,0.66121,3.04801e-19,5.56839e-52
288.761998,1.93143e-210,3.12783e-93,1.16583e-28,0.336713,0.663287,4.18703e-21,3.75546e-57,1.93143e-210,3.12783e-93,1.16583e-28,0.336713,0.663287,4.18703e-21,3.75546e-57,1.93143e-210,3.12783e-93,1.16583e-28,0.336713,0.663287,4.18703e-21,3.75546e-57
317.874135,2.74732e-231,2.16176e-102,2.18915e-31,0.334777,0.665223,3.73599e-23,7.65791e-63,2.74732e-231,2.16176e-102,2.18915e-31,0.334777,0.665223,3.73599e-23,7.65791e-63,2.74732e-231,2.16176e-102,2.18915e-31,0.334777,0.665223,3.73599e-23,7.65791e-63
349.905187,3.22219e-254,1.81643e-112,2.1981e-34,0.332976,0.667024,2.07416e-25,4.19038e-69,3.22219e-254,1.81643e-112,2.1981e-34,0.332976,0.667024,2.07416e-25,4.19038e-69,3.22219e-254,1.81643e-112,2.1981e-34,0.332976,0.667024,2.07416e-25,4.19038e-69
385.146608,1.92828e-279,1.50284e-123,1.10848e-37,0.331304,0.668696,6.83401e-28,5.39624e-76,1.92828e-279,1.50284e-123,1.10848e-37,0.331304,0.668696,6.83401e-28,5.39624e-76,1.92828e-279,1.50284e-123,1.10848e-37,0.331304,0.668696,6.83401e-28,5.39624e-76
423.918999,3.47293e-307,9.70886e-136,2.62037e-41,0.329755,0.670245,1.26855e-30,1.41554e-83,3.47293e-307,9.70886e-136,2.62037e-41,0.329755,0.670245,1.26855e-30,1.41554e-83,3.47293e-307,9.70886e-136,2.62037e-41,0.329755,0.670245,1.26855e-30,1.41554e-83
466.575034,0,3.79483e-149,2.69157e-45,0.328321,0.671679,1.2528e-33,6.45308e-92,0,3.79483e-149,2.69157e-45,0.328321,0.671679,1.2528e-33,6.45308e-92,0,3.79483e-149,2.69157e-45,0.328321,0.671679,1.2528e-33,6.45308e-92
513.502663,0,6.77822e-164,1.10514e-49,0.326996,0.673004,6.1809e-37,4.29291e-101,0,6.77822e-164,1.10514e-49,0.326996,0.673004,6.1809e-37,4.29291e-101,0,6.77822e-164,1.10514e-49,0.326996,0.673004,6.1809e-37,4.29291e-101
565.128647,0,4.06332e-180,1.65477e-54,0.325773,0.674227,1.42146e-40,3.4388e-111,0,4.06332e-180,1.65477e-54,0.325773,0.674227,1.42146e-40,3.4388e-111,0,4.06332e-180,1.65477e-54,0.325773,0.674227,1.42146e-40,3.4388e-111
621.922437,0,5.82142e-198,8.16799e-60,0.324646,0.675354,1.41202e-44,2.6848e-122,0,5.82142e-198,8.16799e-60,0.324646,0.675354,1.41202e-44,2.6848e-122,0,5.82142e-198,8.16799e-60,0.324646,0.675354,1.41202e-44,2.6848e-122
684.400448,0,1.372e-217,1.18938e-65,0.323609,0.676391,5.57138e-49,1.61904e-134,0,1.372e-217,1.18938e-65,0.323609,0.676391,5.57138e-49,1.61904e-134,0,1.372e-217,1.18938e-65,0.323609,0.676391,5.57138e-49,1.61904e-134
753.130751,0,3.52726e-239,4.52172e-72,0.322655,0.677345,7.96258e-54,5.83889e-148,0,3.52726e-239,4.52172e-72,0.322655,0.677345,7.96258e-54,5.83889e-148,0,3.52726e-239,4.52172e-72,0.322655,0.677345,7.96258e-54,5.83889e-148
828.738246,0,6.29525e-263,3.9238e-79,0.321778,0.678222,3.72441e-59,9.5039e-163,0,6.29525e-263,3.9238e-79,0.321778,0.678222,3.72441e-59,9.5039e-163,0,6.29525e-263,3.9238e-79,0.321778,0.678222,3.72441e-59,9.5039e-163
911.910337,0,4.74455e-289,6.70411e-87,0.320974,0.679026,5.09932e-65,5.12285e-179,0,4.74455e-289,6.70411e-87,0.320974,0.679026,5.09932e-65,5.12285e-179,0,4.74455e-289,6.70411e-87,0.320974,0.679026,5.09932e-65,5.12285e-179
1003.403191,0,8.73995e-318,1.91691e-95,0.320236,0.679764,1.80761e-71,6.50503e-197,0,8.73995e-318,1.91691e-95,0.320236,0.679764,1.80761e-71,6.50503e-197,0,8.73995e-318,1.91691e-95,0.320236,0.679764,1.80761e-71,6.50503e-197
1104.048607,0,0,7.67043e-105,0.31956,0.68044,1.4494e-78,1.33785e-216,0,0,7.67043e-105,0.31956,0.68044,1.4494e-78,1.33785e-216,0,0,7.67043e-105,0.31956,0.68044,1.4494e-78,1.33785e-216
1214.761583,0,0,3.52833e-115,0.31894,0.68106,2.26594e-86,2.95126e-238,0,0,3.52833e-115,0.31894,0.68106,2.26594e-86,2.95126e-238,0,0,3.52833e-115,0.31894,0.68106,2.26594e-86,2.95126e-238
1336.548634,0,0,1.50271e-126,0.318374,0.681626,5.86568e-95,4.43771e-262,0,0,1.50271e-126,0.318374,0.681626,5.86568e-95,4.43771e-262,0,0,1.50271e-126,0.318374,0.681626,5.86568e-95,4.43771e-262
1470.516943,0,0,4.67061e-139,0.317855,0.682145,2.10054e-104,2.76239e-288,0,0,4.67061e-139,0.317855,0.682145,2.10054e-104,2.76239e-288,0,0,4.67061e-139,0.317855,0.682145,2.10054e-104,2.76239e-288
1617.884427,0,0,8.15381e-153,0.317381,0.682619,8.5391e-115,4.11284e-317,0,0,8.15381e-153,0.317381,0.682619,8.5391e-115,4.11284e-317,0,0,8.15381e-153,0.317381,0.682619,8.5391e-115,4.11284e-317
1779.990810,0,0,5.99468e-168,0.316948,0.683052,3.17025e-126,0,0,0,5.99468e-168,0.316948,0.683052,3.17025e-126,0,0,0,5.99468e-168,0.316948,0.683052,3.17025e-126,0
1958.309802,0,0,1.35211e-184,0.316553,0.683447,8.4618e-139,0,0,0,1.35211e-184,0.316553,0.683447,8.4618e-139,0,0,0,1.35211e-184,0.316553,0.683447,8.4618e-139,0
2154.462500,0,0,6.60343e-203,0.316192,0.683808,1.24799e-152,0,0,0,6.60343e-203,0.316192,0.683808,1.24799e-152,0,0,0,6.60343e-203,0.316192,0.683808,1.24799e-152,0
2370.232120,0,0,4.75961e-223,0.315863,0.684137,7.61378e-168,0,0,0,4.75961e-223,0.315863,0.684137,7.61378e-168,0,0,0,4.75961e-223,0.315863,0.684137,7.61378e-168,0
2607.580215,0,0,3.3213e-245,0.315562,0.684438,1.39737e-184,0,0,0,3.3213e-245,0.315562,0.684438,1.39737e-184,0,0,0,3.3213e-245,0.315562,0.684438,1.39737e-184,0
2868.664503,0,0,1.41111e-269,0.315288,0.684712,5.43499e-203,0,0,0,1.41111e-269,0.315288,0.684712,5.43499e-203,0,0,0,1.41111e-269,0.315288,0.684712,5.43499e-203,0
3155.858483,0,0,2.19162e-296,0.315038,0.684962,3.04715e-223,0,0,0,2.19162e-296,0.315038,0.684962,3.04715e-223,0,0,0,2.19162e-296,0.315038,0.684962,3.04715e-223,0
3471.773016,0,0,0,0.31481,0.68519,1.61174e-245,0,0,0,0,0.31481,0.68519,1.61174e-245,0,0,0,0,0.31481,0.68519,1.61174e-245,0
3819.280056,0,0,0,0.314603,0.685397,5.04527e-270,0,0,0,0,0.314603,0.685397,5.04527e-270,0,0,0,0,0.314603,0.685397,5.04527e-270,0
4201.538763,0,0,0,0.314413,0.685587,5.59625e-297,0,0,0,0,0.314413,0.685587,5.59625e-297,0,0,0,0,0.314413,0.685587,5.59625e-297,0
4622.024218,0,0,0,0.314241,0.685759,0,0,0,0,0,0.314241,0.685759,0,0,0,0,0,0.314241,0.685759,0,0
5084.559019,0,0,0,0.314084,0.685916,0,0,0,0,0,0.314084,0.685916,0,0,0,0,0,0.314084,0.685916,0,0
5593.348030,0,0,0,0.313941,0.686059,0,0,0,0,0,0.313941,0.686059,0,0,0,0,0,0.313941,0.686059,0,0
6153.016609,0,0,0,0.313811,0.686189,0,0,0,0,0,0.313811,0.686189,0,0,0,0,0,0.313811,0.686189,0,0
6768.652651,0,0,0,0.313693,0.686307,0,0,0,0,0,0.313693,0.686307,0,0,0,0,0,0.313693,0.686307,0,0
7445.852851,0,0,0,0.313585,0.686415,0,0,0,0,0,0.313585,0.686415,0,0,0,0,0,0.313585,0.686415,0,0
8190.773574,0,0,0,0.313487,0.686513,0,0,0,0,0,0.313487,0.686513,0,0,0,0,0,0.313487,0.686513,0,0
9010.186827,0,0,0,0.313398,0.686602,0,0,0,0,0,0.313398,0.686602,0,0,0,0,0,0.313398,0.686602,0,0
9911.541824,0,0,0,0.313316,0.686684,0,0,0,0,0,0.313316,0.686684,0,0,0,0,0,0.313316,0.686684,0,0
10903.032701,0,0,0,0.313242,0.686758,0,0,0,0,0,0.313242,0.686758,0,0,0,0,0,0.313242,0.686758,0,0
11993.673011,0,0,0,0.313175,0.686825,0,0,0,0,0,0.313175,0.686825,0,0,0,0,0,0.313175,0.686825,0,0
13193.377668,0,0,0,0.313114,0.686886,0,0,0,0,0,0.313114,0.686886,0,0,0,0,0,0.313114,0.686886,0,0
14513.053077,0,0,0,0.313058,0.686942,0,0,0,0,0,0.313058,0.686942,0,0,0,0,0,0.313058,0.686942,0,0
15964.696288,0,0,0,0.313008,0.686992,0,0,0,0,0,0.313008,0.686992,0,0,0,0,0,0.313008,0.686992,0,0
17561.504057,0,0,0,0.312962,0.687038,0,0,0,0,0,0.312962,0.687038,0,0,0,0,0,0.312962,0.687038,0,0
19317.992820,0,0,0,0.31292,0.68708,0,0,0,0,0,0.31292,0.68708,0,0,0,0,0,0.31292,0.68708,0,0
21250.130655,0,0,0,0.312882,0.687118,0,0,0,0,0,0.312882,0.687118,0,0,0,0,0,0.312882,0.687118,0,0
23375.482453,0,0,0,0.312847,0.687153,0,0,0,0,0,0.312847,0.687153,0,0,0,0,0,0.312847,0.687153,0,0
25713.369594,0,0,0,0.312816,0.687184,0,0,0,0,0,0.312816,0.687184,0,0,0,0,0,0.312816,0.687184,0,0
28285.045596,0,0,0,0.312787,0.687213,0,0,0,0,0,0.312787,0.687213,0,0,0,0,0,0.312787,0.687213,0,0
31113.889333,0,0,0,0.312761,0.687239,0,0,0,0,0,0.312761,0.687239,0,0,0,0,0,0.312761,0.687239,0,0
34225.617566,0,0,0,0.312737,0.687263,0,0,0,0,0,0.312737,0.687263,0,0,0,0,0,0.312737,0.687263,0,0
37648.518735,0,0,0,0.312716,0.687284,0,0,0,0,0,0.312716,0.687284,0,0,0,0,0,0.312716,0.687284,0,0
41413.710121,0,0,0,0.312696,0.687304,0,0,0,0,0,0.312696,0.687304,0,0,0,0,0,0.312696,0.687304,0,0
45555.420738,0,0,0,0.312678,0.687322,0,0,0,0,0,0.312678,0.687322,0,0,0,0,0,0.312678,0.687322,0,0
50111.302500,0,0,0,0.312662,0.687338,0,0,0,0,0,0.312662,0.687338,0,0,0,0,0,0.312662,0.687338,0,0
55122.772515,0,0,0,0.312647,0.687353,0,0,0,0,0,0.312647,0.687353,0,0,0,0,0,0.312647,0.687353,0,0
60635.389600,0,0,0,0.312634,0.687366,0,0,0,0,0,0.312634,0.687366,0,0,0,0,0,0.312634,0.687366,0,0
66699.268457,0,0,0,0.312622,0.687378,0,0,0,0,0,0.312622,0.687378,0,0,0,0,0,0.312622,0.687378,0,0
73369.535257,0,0,0,0.312611,0.687389,0,0,0,0,0,0.312611,0.687389,0,0,0,0,0,0.312611,0.687389,0,0
80706.828789,0,0,0,0.312601,0.687399,0,0,0,0,0,0.312601,0.687399,0,0,0,0,0,0.312601,0.687399,0,0
88777.851722,0,0,0,0.312592,0.687408,0,0,0,0,0,0.312592,0.687408,0,0,0,0,0,0.312592,0.687408,0,0
97655.976991,0,0,0,0.312583,0.687417,0,0,0,0,0,0.312583,0.687417,0,0,0,0,0,0.312583,0.687417,0,0
107421.914826,0,0,0,0.312576,0.687424,0,0,0,0,0,0.312576,0.687424,0,0,0,0,0,0.312576,0.687424,0,0
118164.446480,0,0,0,0.312569,0.687431,0,0,0,0,0,0.312569,0.687431,0,0,0,0,0,0.312569,0.687431,0,0
129981.231332,0,0,0,0.312563,0.687437,0,0,0,0,0,0.312563,0.687437,0,0,0,0,0,0.312563,0.687437,0,0
142979.694698,0,0,0,0.312557,0.687443,0,0,0,0,0,0.312557,0.687443,0,0,0,0,0,0.312557,0.687443,0,0
157278.004428,0,0,0,0.312552,0.687448,0,0,0,0,0,0.312552,0.687448,0,0,0,0,0,0.312552,0.687448,0,0
173006.145155,0,0,0,0.312547,0.687453,0,0,0,0,0,0.312547,0.687453,0,0,0,0,0,0.312547,0.687453,0,0
190307.099977,0,0,0,0.312543,0.687457,0,0,0,0,0,0.312543,0.687457,0,0,0,0,0,0.312543,0.687457,0,0
209338.150302,0,0,0,0.312539,0.687461,0,0,0,0,0,0.312539,0.687461,0,0,0,0,0,0.312539,0.687461,0,0
230272.305677,0,0,0,0.312535,0.687465,0,0,0,0,0,0.312535,0.687465,0,0,0,0,0,0.312535,0.687465,0,0
253299.876606,0,0,0,0.312532,0.687468,0,0,0,0,0,0.312532,0.687468,0,0,0,0,0,0.312532,0.687468,0,0
278630.204643,0,0,0,0.312529,0.687471,0,0,0,0,0,0.312529,0.687471,0,0,0,0,0,0.312529,0.687471,0,0
306493.565498,0,0,0,0.312527,0.687473,0,0,0,0,0,0.312527,0.687473,0,0,0,0,0,0.312527,0.687473,0,0
337143.262450,0,0,0,0.312524,0.687476,0,0,0,0,0,0.312524,0.687476,0,0,0,0,0,0.312524,0.687476,0,0
370857.929109,0,0,0,0.312522,0.687478,0,0,0,0,0,0.312522,0.687478,0,0,0,0,0,0.312522,0.687478,0,0
407944.062445,0,0,0,0.31252,0.68748,0,0,0,0,0,0.31252,0.68748,0,0,0,0,0,0.31252,0.68748,0,0
448738.809123,0,0,0,0.312518,0.687482,0,0,0,0,0,0.312518,0.687482,0,0,0,0,0,0.312518,0.687482,0,0
493613.030478,0,0,0,0.312516,0.687484,0,0,0,0,0,0.312516,0.687484,0,0,0,0,0,0.312516,0.687484,0,0
542974.673976,0,0,0,0.312515,0.687485,0,0,0,0,0,0.312515,0.687485,0,0,0,0,0,0.312515,0.687485,0,0
597272.481831,0,0,0,0.312514,0.687486,0,0,0,0,0,0.312514,0.687486,0,0,0,0,0,0.312514,0.687486,0,0
657000.070477,0,0,0,0.312512,0.687488,0,0,0,0,0,0.312512,0.687488,0,0,0,0,0,0.312512,0.687488,0,0
722700.417994,0,0,0,0.312511,0.687489,0,0,0,0,0,0.312511,0.687489,0,0,0,0,0,0.312511,0.687489,0,0
794970.800269,0,0,0,0.31251,0.68749,0,0,0,0,0,0.31251,0.68749,0,0,0,0,0,0.31251,0.68749,0,0
874468.220775,0,0,0,0.312509,0.687491,0,0,0,0,0,0.312509,0.687491,0,0,0,0,0,0.312509,0.687491,0,0
961915.383336,0,0,0,0.312508,0.687492,0,0,0,0,0,0.312508,0.687492,0,0,0,0,0,0.312508,0.687492,0,0
1058107.262158,0,0,0,0.312508,0.687492,0,0,0,0,0,0.312508,0.687492,0,0,0,0,0,0.312508,0.687492,0,0
