0.000000,0.142857,0.142857,0.142857,0.142857,0.142857,0.142857,0.142857,0.142857,0.142857,0.142857,0.142857,0.142857,0.142857,0.142857,0.142857,0.142857,0.142857,0.142857,0.142857,0.142857,0.142857,0.142857,0.142857,0.142857,0.142857,0.142857,0.142857,0.142857,0.142857,0.142857,0.142857,0.142857,0.142857,0.142857,0.142857,0.142857,0.142857,0.142857,0.142857,0.142857,0.142857,0.142857
0.009785,0.143314,0.143467,0.143392,0.143143,0.142756,0.142259,0.14167,0.143314,0.143467,0.143392,0.143143,0.142756,0.142259,0.14167,0.143314,0.143467,0.143392,0.143143,0.142756,0.142259,0.14167,0.143314,0.143467,0.143392,0.143143,0.142756,0.142259,0.14167,0.143314,0.143467,0.143392,0.143143,0.142756,0.142259,0.14167,0.143314,0.143467,0.143392,0.143143,0.142756,0.142259,0.14167
0.020661,0.143801,0.144136,0.143982,0.14346,0.142648,0.141603,0.140371,0.143801,0.144136,0.143982,0.14346,0.142648,0.141603,0.140371,0.143801,0.144136,0.143982,0.14346,0.142648,0.141603,0.140371,0.143801,0.144136,0.143982,0.14346,0.142648,0.141603,0.140371,0.143801,0.144136,0.143982,0.14346,0.142648,0.141603,0.140371,0.143801,0.144136,0.143982,0.14346,0.142648,0.141603,0.140371
0.032757,0.144317,0.144868,0.144636,0.143814,0.142531,0.140884,0.138949,0.144317,0.144868,0.144636,0.143814,0.142531,0.140884,0.138949,0.144317,0.144868,0.144636,0.143814,0.142531,0.140884,0.138949,0.144317,0.144868,0.144636,0.143814,0.142531,0.140884,0.138949,0.144317,0.144868,0.144636,0.143814,0.142531,0.140884,0.138949,0.144317,0.144868,0.144636,0.143814,0.142531,0.140884,0.138949
0.046225,0.14486,0.145669,0.14536,0.144209,0.142407,0.140098,0.137396,0.14486,0.145669,0.14536,0.144209,0.142407,0.140098,0.137396,0.14486,0.145669,0.14536,0.144209,0.142407,0.140098,0.137396,0.14486,0.145669,0.14536,0.144209,0.142407,0.140098,0.137396,0.14486,0.145669,0.14536,0.144209,0.142407,0.140098,0.137396,0.14486,0.145669,0.14536,0.144209,0.142407,0.140098,0.137396
0.061231,0.145429,0.146545,0.146161,0.144651,0.142276,0.139239,0.135699,0.145429,0.146545,0.146161,0.144651,0.142276,0.139239,0.135699,0.145429,0.146545,0.146161,0.144651,0.142276,0.139239,0.135699,0.145429,0.146545,0.146161,0.144651,0.142276,0.139239,0.135699,0.145429,0.146545,0.146161,0.144651,0.142276,0.139239,0.135699,0.145429,0.146545,0.146161,0.144651,0.142276,0.139239,0.135699
0.077968,0.146017,0.147502,0.14705,0.145145,0.142137,0.138299,0.133849,0.146017,0.147502,0.14705,0.145145,0.142137,0.138299,0.133849,0.146017,0.147502,0.14705,0.145145,0.142137,0.138299,0.133849,0.146017,0.147502,0.14705,0.145145,0.142137,0.138299,0.133849,0.146017,0.147502,0.14705,0.145145,0.142137,0.138299,0.133849,0.146017,0.147502,0.14705,0.145145,0.142137,0.138299,0.133849
0.096651,0.14662,0.148547,0.148034,0.145699,0.141992,0.137274,0.131833,0.14662,0.148547,0.148034,0.145699,0.141992,0.137274,0.131833,0.14662,0.148547,0.148034,0.145699,0.141992,0.137274,0.131833,0.14662,0.148547,0.148034,0.145699,0.141992,0.137274,0.131833,0.14662,0.148547,0.148034,0.145699,0.141992,0.137274,0.131833,0.14662,0.148547,0.148034,0.145699,0.141992,0.137274,0.131833
0.117525,0.147228,0.149685,0.149127,0.146321,0.141842,0.136157,0.129641,0.147228,0.149685,0.149127,0.146321,0.141842,0.136157,0.129641,0.147228,0.149685,0.149127,0.146321,0.141842,0.136157,0.129641,0.147228,0.149685,0.149127,0.146321,0.141842,0.136157,0.129641,0.147228,0.149685,0.149127,0.146321,0.141842,0.136157,0.129641,0.147228,0.149685,0.149127,0.146321,0.141842,0.136157,0.129641
0.140865,0.14783,0.150923,0.15034,0.14702,0.141688,0.13494,0.12726,0.14783,0.150923,0.15034,0.14702,0.141688,0.13494,0.12726,0.14783,0.150923,0.15034,0.14702,0.141688,0.13494,0.12726,0.14783,0.150923,0.15034,0.14702,0.141688,0.13494,0.12726,0.14783,0.150923,0.15034,0.14702,0.141688,0.13494,0.12726,0.14783,0.150923,0.15034,0.14702,0.141688,0.13494,0.12726
0.166982,0.14841,0.152267,0.151688,0.147807,0.141532,0.133618,0.124679,0.14841,0.152267,0.151688,0.147807,0.141532,0.133618,0.124679,0.14841,0.152267,0.151688,0.147807,0.141532,0.133618,0.124679,0.14841,0.152267,0.151688,0.147807,0.141532,0.133618,0.124679,0.14841,0.152267,0.151688,0.147807,0.141532,0.133618,0.124679,0.14841,0.152267,0.151688,0.147807,0.141532,0.133618,0.124679
0.196222,0.14895,0.153723,0.153185,0.148694,0.141377,0.132184,0.121888,0.14895,0.153723,0.153185,0.148694,0.141377,0.132184,0.121888,0.14895,0.153723,0.153185,0.148694,0.141377,0.132184,0.121888,0.14895,0.153723,0.153185,0.148694,0.141377,0.132184,0.121888,0.14895,0.153723,0.153185,0.148694,0.141377,0.132184,0.121888,0.14895,0.153723,0.153185,0.148694,0.141377,0.132184,0.121888
0.228971,0.149424,0.155296,0.154849,0.149696,0.141226,0.130631,0.118878,0.149424,0.155296,0.154849,0.149696,0.141226,0.130631,0.118878,0.149424,0.155296,0.154849,0.149696,0.141226,0.130631,0.118878,0.149424,0.155296,0.154849,0.149696,0.141226,0.130631,0.118878,0.149424,0.155296,0.154849,0.149696,0.141226,0.130631,0.118878,0.149424,0.155296,0.154849,0.149696,0.141226,0.130631,0.118878
0.265659,0.149804,0.15699,0.1567,0.150827,0.141083,0.128953,0.115642,0.149804,0.15699,0.1567,0.150827,0.141083,0.128953,0.115642,0.149804,0.15699,0.1567,0.150827,0.141083,0.128953,0.115642,0.149804,0.15699,0.1567,0.150827,0.141083,0.128953,0.115642,0.149804,0.15699,0.1567,0.150827,0.141083,0.128953,0.115642,0.149804,0.15699,0.1567,0.150827,0.141083,0.128953,0.115642
0.306754,0.150056,0.158809,0.158758,0.152107,0.140952,0.127144,0.112173,0.150056,0.158809,0.158758,0.152107,0.140952,0.127144,0.112173,0.150056,0.158809,0.158758,0.152107,0.140952,0.127144,0.112173,0.150056,0.158809,0.158758,0.152107,0.140952,0.127144,0.112173,0.150056,0.158809,0.158758,0.152107,0.140952,0.127144,0.112173,0.150056,0.158809,0.158758,0.152107,0.140952,0.127144,0.112173
0.352769,0.15014,0.160754,0.161046,0.153553,0.140839,0.125199,0.108469,0.15014,0.160754,0.161046,0.153553,0.140839,0.125199,0.108469,0.15014,0.160754,0.161046,0.153553,0.140839,0.125199,0.108469,0.15014,0.160754,0.161046,0.153553,0.140839,0.125199,0.108469,0.15014,0.160754,0.161046,0.153553,0.140839,0.125199,0.108469,0.15014,0.160754,0.161046,0.153553,0.140839,0.125199,0.108469
0.404261,0.15001,0.162825,0.163588,0.155188,0.140748,0.123113,0.10453,0.15001,0.162825,0.163588,0.155188,0.140748,0.123113,0.10453,0.15001,0.162825,0.163588,0.155188,0.140748,0.123113,0.10453,0.15001,0.162825,0.163588,0.155188,0.140748,0.123113,0.10453,0.15001,0.162825,0.163588,0.155188,0.140748,0.123113,0.10453,0.15001,0.162825,0.163588,0.155188,0.140748,0.123113,0.10453
0.461826,0.149618,0.165018,0.166411,0.157033,0.140683,0.120878,0.100359,0.149618,0.165018,0.166411,0.157033,0.140683,0.120878,0.100359,0.149618,0.165018,0.166411,0.157033,0.140683,0.120878,0.100359,0.149618,0.165018,0.166411,0.157033,0.140683,0.120878,0.100359,0.149618,0.165018,0.166411,0.157033,0.140683,0.120878,0.100359,0.149618,0.165018,0.166411,0.157033,0.140683,0.120878,0.100359
0.526100,0.148913,0.167329,0.169542,0.159113,0.14065,0.118491,0.0959628,0.148913,0.167329,0.169542,0.159113,0.14065,0.118491,0.0959628,0.148913,0.167329,0.169542,0.159113,0.14065,0.118491,0.0959628,0.148913,0.167329,0.169542,0.159113,0.14065,0.118491,0.0959628,0.148913,0.167329,0.169542,0.159113,0.14065,0.118491,0.0959628,0.148913,0.167329,0.169542,0.159113,0.14065,0.118491,0.0959628
0.597764,0.147842,0.16975,0.17301,0.161451,0.140649,0.115945,0.0913527,0.147842,0.16975,0.17301,0.161451,0.140649,0.115945,0.0913527,0.147842,0.16975,0.17301,0.161451,0.140649,0.115945,0.0913527,0.147842,0.16975,0.17301,0.161451,0.140649,0.115945,0.0913527,0.147842,0.16975,0.17301,0.161451,0.140649,0.115945,0.0913527,0.147842,0.16975,0.17301,0.161451,0.140649,0.115945,0.0913527
0.677536,0.146355,0.17227,0.176846,0.164073,0.140681,0.113233,0.0865429,0.146355,0.17227,0.176846,0.164073,0.140681,0.113233,0.0865429,0.146355,0.17227,0.176846,0.164073,0.140681,0.113233,0.0865429,0.146355,0.17227,0.176846,0.164073,0.140681,0.113233,0.0865429,0.146355,0.17227,0.176846,0.164073,0.140681,0.113233,0.0865429,0.146355,0.17227,0.176846,0.164073,0.140681,0.113233,0.0865429
0.766183,0.144404,0.174875,0.181079,0.167002,0.140741,0.110346,0.0815518,0.144404,0.174875,0.181079,0.167002,0.140741,0.110346,0.0815518,0.144404,0.174875,0.181079,0.167002,0.140741,0.110346,0.0815518,0.144404,0.174875,0.181079,0.167002,0.140741,0.110346,0.0815518,0.144404,0.174875,0.181079,0.167002,0.140741,0.110346,0.0815518,0.144404,0.174875,0.181079,0.167002,0.140741,0.110346,0.0815518
0.864515,0.141949,0.177548,0.185742,0.170262,0.140824,0.107274,0.0764017,0.141949,0.177548,0.185742,0.170262,0.140824,0.107274,0.0764017,0.141949,0.177548,0.185742,0.170262,0.140824,0.107274,0.0764017,0.141949,0.177548,0.185742,0.170262,0.140824,0.107274,0.0764017,0.141949,0.177548,0.185742,0.170262,0.140824,0.107274,0.0764017,0.141949,0.177548,0.185742,0.170262,0.140824,0.107274,0.0764017
0.973397,0.138955,0.180267,0.190865,0.173873,0.140915,0.104006,0.071119,0.138955,0.180267,0.190865,0.173873,0.140915,0.104006,0.071119,0.138955,0.180267,0.190865,0.173873,0.140915,0.104006,0.071119,0.138955,0.180267,0.190865,0.173873,0.140915,0.104006,0.071119,0.138955,0.180267,0.190865,0.173873,0.140915,0.104006,0.071119,0.138955,0.180267,0.190865,0.173873,0.140915,0.104006,0.071119
1.093749,0.135398,0.183007,0.196479,0.177854,0.140996,0.100531,0.0657349,0.135398,0.183007,0.196479,0.177854,0.140996,0.100531,0.0657349,0.135398,0.183007,0.196479,0.177854,0.140996,0.100531,0.0657349,0.135398,0.183007,0.196479,0.177854,0.140996,0.100531,0.0657349,0.135398,0.183007,0.196479,0.177854,0.140996,0.100531,0.0657349,0.135398,0.183007,0.196479,0.177854,0.140996,0.100531,0.0657349
1.226551,0.131268,0.185739,0.202612,0.182219,0.141043,0.0968341,0.0602852,0.131268,0.185739,0.202612,0.182219,0.141043,0.0968341,0.0602852,0.131268,0.185739,0.202612,0.182219,0.141043,0.0968341,0.0602852,0.131268,0.185739,0.202612,0.182219,0.141043,0.0968341,0.0602852,0.131268,0.185739,0.202612,0.182219,0.141043,0.0968341,0.0602852,0.131268,0.185739,0.202612,0.182219,0.141043,0.0968341,0.0602852
1.372846,0.126564,0.188426,0.209292,0.186977,0.141024,0.0929051,0.0548111,0.126564,0.188426,0.209292,0.186977,0.141024,0.0929051,0.0548111,0.126564,0.188426,0.209292,0.186977,0.141024,0.0929051,0.0548111,0.126564,0.188426,0.209292,0.186977,0.141024,0.0929051,0.0548111,0.126564,0.188426,0.209292,0.186977,0.141024,0.0929051,0.0548111,0.126564,0.188426,0.209292,0.186977,0.141024,0.0929051,0.0548111
1.533742,0.121302,0.191031,0.216544,0.192132,0.140898,0.0887339,0.0493587,0.121302,0.191031,0.216544,0.192132,0.140898,0.0887339,0.0493587,0.121302,0.191031,0.216544,0.192132,0.140898,0.0887339,0.0493587,0.121302,0.191031,0.216544,0.192132,0.140898,0.0887339,0.0493587,0.121302,0.191031,0.216544,0.192132,0.140898,0.0887339,0.0493587,0.121302,0.191031,0.216544,0.192132,0.140898,0.0887339,0.0493587
1.710416,0.11551,0.193507,0.224389,0.19768,0.140619,0.0843146,0.0439794,0.11551,0.193507,0.224389,0.19768,0.140619,0.0843146,0.0439794,0.11551,0.193507,0.224389,0.19768,0.140619,0.0843146,0.0439794,0.11551,0.193507,0.224389,0.19768,0.140619,0.0843146,0.0439794,0.11551,0.193507,0.224389,0.19768,0.140619,0.0843146,0.0439794,0.11551,0.193507,0.224389,0.19768,0.140619,0.0843146,0.0439794
1.904118,0.109231,0.195807,0.232843,0.203609,0.140134,0.079647,0.0387283,0.109231,0.195807,0.232843,0.203609,0.140134,0.079647,0.0387283,0.109231,0.195807,0.232843,0.203609,0.140134,0.079647,0.0387283,0.109231,0.195807,0.232843,0.203609,0.140134,0.079647,0.0387283,0.109231,0.195807,0.232843,0.203609,0.140134,0.079647,0.0387283,0.109231,0.195807,0.232843,0.203609,0.140134,0.079647,0.0387283
2.116176,0.102523,0.197875,0.241919,0.209897,0.139383,0.0747387,0.0336635,0.102523,0.197875,0.241919,0.209897,0.139383,0.0747387,0.0336635,0.102523,0.197875,0.241919,0.209897,0.139383,0.0747387,0.0336635,0.102523,0.197875,0.241919,0.209897,0.139383,0.0747387,0.0336635,0.102523,0.197875,0.241919,0.209897,0.139383,0.0747387,0.0336635,0.102523,0.197875,0.241919,0.209897,0.139383,0.0747387,0.0336635
2.348006,0.0954549,0.199655,0.251625,0.216513,0.138302,0.0696066,0.0288435,0.0954549,0.199655,0.251625,0.216513,0.138302,0.0696066,0.0288435,0.0954549,0.199655,0.251625,0.216513,0.138302,0.0696066,0.0288435,0.0954549,0.199655,0.251625,0.216513,0.138302,0.0696066,0.0288435,0.0954549,0.199655,0.251625,0.216513,0.138302,0.0696066,0.0288435,0.0954549,0.199655,0.251625,0.216513,0.138302,0.0696066,0.0288435
2.601125,0.0881087,0.201085,0.261965,0.223414,0.136824,0.0642791,0.0243246,0.0881087,0.201085,0.261965,0.223414,0.136824,0.0642791,0.0243246,0.0881087,0.201085,0.261965,0.223414,0.136824,0.0642791,0.0243246,0.0881087,0.201085,0.261965,0.223414,0.136824,0.0642791,0.0243246,0.0881087,0.201085,0.261965,0.223414,0.136824,0.0642791,0.0243246,0.0881087,0.201085,0.261965,0.223414,0.136824,0.0642791,0.0243246
2.877171,0.0805744,0.202103,0.272937,0.230549,0.134883,0.0587965,0.020158,0.0805744,0.202103,0.272937,0.230549,0.134883,0.0587965,0.020158,0.0805744,0.202103,0.272937,0.230549,0.134883,0.0587965,0.020158,0.0805744,0.202103,0.272937,0.230549,0.134883,0.0587965,0.020158,0.0805744,0.202103,0.272937,0.230549,0.134883,0.0587965,0.020158,0.0805744,0.202103,0.272937,0.230549,0.134883,0.0587965,0.020158
3.177923,0.0729491,0.202643,0.284537,0.237856,0.132417,0.0532118,0.0163866,0.0729491,0.202643,0.284537,0.237856,0.132417,0.0532118,0.0163866,0.0729491,0.202643,0.284537,0.237856,0.132417,0.0532118,0.0163866,0.0729491,0.202643,0.284537,0.237856,0.132417,0.0532118,0.0163866,0.0729491,0.202643,0.284537,0.237856,0.132417,0.0532118,0.0163866,0.0729491,0.202643,0.284537,0.237856,0.132417,0.0532118,0.0163866
3.505335,0.0653336,0.202641,0.296759,0.245264,0.12937,0.0475898,0.0130418,0.0653336,0.202641,0.296759,0.245264,0.12937,0.0475898,0.0130418,0.0653336,0.202641,0.296759,0.245264,0.12937,0.0475898,0.0130418,0.0653336,0.202641,0.296759,0.245264,0.12937,0.0475898,0.0130418,0.0653336,0.202641,0.296759,0.245264,0.12937,0.0475898,0.0130418,0.0653336,0.202641,0.296759,0.245264,0.12937,0.0475898,0.0130418
3.861566,0.0578295,0.202033,0.309597,0.252696,0.125698,0.0420053,0.0101411,0.0578295,0.202033,0.309597,0.252696,0.125698,0.0420053,0.0101411,0.0578295,0.202033,0.309597,0.252696,0.125698,0.0420053,0.0101411,0.0578295,0.202033,0.309597,0.252696,0.125698,0.0420053,0.0101411,0.0578295,0.202033,0.309597,0.252696,0.125698,0.0420053,0.0101411,0.0578295,0.202033,0.309597,0.252696,0.125698,0.0420053,0.0101411
4.249015,0.0505365,0.200754,0.323043,0.260068,0.121372,0.0365404,0.00768678,0.0505365,0.200754,0.323043,0.260068,0.121372,0.0365404,0.00768678,0.0505365,0.200754,0.323043,0.260068,0.121372,0.0365404,0.00768678,0.0505365,0.200754,0.323043,0.260068,0.121372,0.0365404,0.00768678,0.0505365,0.200754,0.323043,0.260068,0.121372,0.0365404,0.00768678,0.0505365,0.200754,0.323043,0.260068,0.121372,0.0365404,0.00768678
4.670363,0.0435497,0.198742,0.337091,0.267293,0.116379,0.0312801,0.00566558,0.0435497,0.198742,0.337091,0.267293,0.116379,0.0312801,0.00566558,0.0435497,0.198742,0.337091,0.267293,0.116379,0.0312801,0.00566558,0.0435497,0.198742,0.337091,0.267293,0.116379,0.0312801,0.00566558,0.0435497,0.198742,0.337091,0.267293,0.116379,0.0312801,0.00566558,0.0435497,0.198742,0.337091,0.267293,0.116379,0.0312801,0.00566558
5.128610,0.0369568,0.195938,0.351738,0.274279,0.110731,0.0263082,0.00404958,0.0369568,0.195938,0.351738,0.274279,0.110731,0.0263082,0.00404958,0.0369568,0.195938,0.351738,0.274279,0.110731,0.0263082,0.00404958,0.0369568,0.195938,0.351738,0.274279,0.110731,0.0263082,0.00404958,0.0369568,0.195938,0.351738,0.274279,0.110731,0.0263082,0.00404958,0.0369568,0.195938,0.351738,0.274279,0.110731,0.0263082,0.00404958
5.627116,0.0308357,0.192286,0.366984,0.280936,0.104458,0.0217014,0.00279872,0.0308357,0.192286,0.366984,0.280936,0.104458,0.0217014,0.00279872,0.0308357,0.192286,0.366984,0.280936,0.104458,0.0217014,0.00279872,0.0308357,0.192286,0.366984,0.280936,0.104458,0.0217014,0.00279872,0.0308357,0.192286,0.366984,0.280936,0.104458,0.0217014,0.00279872,0.0308357,0.192286,0.366984,0.280936,0.104458,0.0217014,0.00279872
6.169638,0.0252518,0.187741,0.38283,0.28717,0.0976185,0.0175242,0.00186417,0.0252518,0.187741,0.38283,0.28717,0.0976185,0.0175242,0.00186417,0.0252518,0.187741,0.38283,0.28717,0.0976185,0.0175242,0.00186417,0.0252518,0.187741,0.38283,0.28717,0.0976185,0.0175242,0.00186417,0.0252518,0.187741,0.38283,0.28717,0.0976185,0.0175242,0.00186417,0.0252518,0.187741,0.38283,0.28717,0.0976185,0.0175242,0.00186417
6.760370,0.0202556,0.182265,0.399283,0.29289,0.0902905,0.0138246,0.00119247,0.0202556,0.182265,0.399283,0.29289,0.0902905,0.0138246,0.00119247,0.0202556,0.182265,0.399283,0.29289,0.0902905,0.0138246,0.00119247,0.0202556,0.182265,0.399283,0.29289,0.0902905,0.0138246,0.00119247,0.0202556,0.182265,0.399283,0.29289,0.0902905,0.0138246,0.00119247,0.0202556,0.182265,0.399283,0.29289,0.0902905,0.0138246,0.00119247
7.403976,0.0158802,0.175836,0.416349,0.297999,0.0825753,0.0106306,0.000729701,0.0158802,0.175836,0.416349,0.297999,0.0825753,0.0106306,0.000729701,0.0158802,0.175836,0.416349,0.297999,0.0825753,0.0106306,0.000729701,0.0158802,0.175836,0.416349,0.297999,0.0825753,0.0106306,0.000729701,0.0158802,0.175836,0.416349,0.297999,0.0825753,0.0106306,0.000729701,0.0158802,0.175836,0.416349,0.297999,0.0825753,0.0106306,0.000729701
8.105634,0.0121386,0.168454,0.434041,0.3024,0.0745924,0.00794857,0.000425314,0.0121386,0.168454,0.434041,0.3024,0.0745924,0.00794857,0.000425314,0.0121386,0.168454,0.434041,0.3024,0.0745924,0.00794857,0.000425314,0.0121386,0.168454,0.434041,0.3024,0.0745924,0.00794857,0.000425314,0.0121386,0.168454,0.434041,0.3024,0.0745924,0.00794857,0.000425314,0.0121386,0.168454,0.434041,0.3024,0.0745924,0.00794857,0.000425314
8.871069,0.00902274,0.16014,0.452369,0.305993,0.0664766,0.00576317,0.000235004,0.00902274,0.16014,0.452369,0.305993,0.0664766,0.00576317,0.000235004,0.00902274,0.16014,0.452369,0.305993,0.0664766,0.00576317,0.000235004,0.00902274,0.16014,0.452369,0.305993,0.0664766,0.00576317,0.000235004,0.00902274,0.16014,0.452369,0.305993,0.0664766,0.00576317,0.000235004,0.00902274,0.16014,0.452369,0.305993,0.0664766,0.00576317,0.000235004
9.706608,0.00650303,0.150947,0.471345,0.30867,0.0583728,0.00403994,0.000122452,0.00650303,0.150947,0.471345,0.30867,0.0583728,0.00403994,0.000122452,0.00650303,0.150947,0.471345,0.30867,0.0583728,0.00403994,0.000122452,0.00650303,0.150947,0.471345,0.30867,0.0583728,0.00403994,0.000122452,0.00650303,0.150947,0.471345,0.30867,0.0583728,0.00403994,0.000122452,0.00650303,0.150947,0.471345,0.30867,0.0583728,0.00403994,0.000122452
10.619230,0.00453043,0.140953,0.490976,0.310321,0.0504311,0.00272893,5.98225e-05,0.00453043,0.140953,0.490976,0.310321,0.0504311,0.00272893,5.98225e-05,0.00453043,0.140953,0.490976,0.310321,0.0504311,0.00272893,5.98225e-05,0.00453043,0.140953,0.490976,0.310321,0.0504311,0.00272893,5.98225e-05,0.00453043,0.140953,0.490976,0.310321,0.0504311,0.00272893,5.98225e-05,0.00453043,0.140953,0.490976,0.310321,0.0504311,0.00272893,5.98225e-05
11.616633,0.00304021,0.130265,0.511266,0.310832,0.0428005,0.00176984,2.72278e-05,0.00304021,0.130265,0.511266,0.310832,0.0428005,0.00176984,2.72278e-05,0.00304021,0.130265,0.511266,0.310832,0.0428005,0.00176984,2.72278e-05,0.00304021,0.130265,0.511266,0.310832,0.0428005,0.00176984,2.72278e-05,0.00304021,0.130265,0.511266,0.310832,0.0428005,0.00176984,2.72278e-05,0.00304021,0.130265,0.511266,0.310832,0.0428005,0.00176984,2.72278e-05
12.707323,0.00195751,0.119013,0.532202,0.310096,0.0356223,0.00109768,1.14653e-05,0.00195751,0.119013,0.532202,0.310096,0.0356223,0.00109768,1.14653e-05,0.00195751,0.119013,0.532202,0.310096,0.0356223,0.00109768,1.14653e-05,0.00195751,0.119013,0.532202,0.310096,0.0356223,0.00109768,1.14653e-05,0.00195751,0.119013,0.532202,0.310096,0.0356223,0.00109768,1.14653e-05,0.00195751,0.119013,0.532202,0.310096,0.0356223,0.00109768,1.14653e-05
13.900706,0.00120386,0.107348,0.553754,0.308018,0.0290221,0.000648272,4.43289e-06,0.00120386,0.107348,0.553754,0.308018,0.0290221,0.000648272,4.43289e-06,0.00120386,0.107348,0.553754,0.308018,0.0290221,0.000648272,4.43289e-06,0.00120386,0.107348,0.553754,0.308018,0.0290221,0.000648272,4.43289e-06,0.00120386,0.107348,0.553754,0.308018,0.0290221,0.000648272,4.43289e-06,0.00120386,0.107348,0.553754,0.308018,0.0290221,0.000648272,4.43289e-06
15.207219,0.000703356,0.0954364,0.575862,0.304531,0.023102,0.000362897,1.56083e-06,0.000703356,0.0954364,0.575862,0.304531,0.023102,0.000362897,1.56083e-06,0.000703356,0.0954364,0.575862,0.304531,0.023102,0.000362897,1.56083e-06,0.000703356,0.0954364,0.575862,0.304531,0.023102,0.000362897,1.56083e-06,0.000703356,0.0954364,0.575862,0.304531,0.023102,0.000362897,1.56083e-06,0.000703356,0.0954364,0.575862,0.304531,0.023102,0.000362897,1.56083e-06
16.638461,0.000387869,0.0834552,0.598423,0.299608,0.0179331,0.000191625,4.96088e-07,0.000387869,0.0834552,0.598423,0.299608,0.0179331,0.000191625,4.96088e-07,0.000387869,0.0834552,0.598423,0.299608,0.0179331,0.000191625,4.96088e-07,0.000387869,0.0834552,0.598423,0.299608,0.0179331,0.000191625,4.96088e-07,0.000387869,0.0834552,0.598423,0.299608,0.0179331,0.000191625,4.96088e-07,0.000387869,0.0834552,0.598423,0.299608,0.0179331,0.000191625,4.96088e-07
18.207352,0.000200292,0.071595,0.621281,0.293279,0.0135499,9.49665e-05,1.40995e-07,0.000200292,0.071595,0.621281,0.293279,0.0135499,9.49665e-05,1.40995e-07,0.000200292,0.071595,0.621281,0.293279,0.0135499,9.49665e-05,1.40995e-07,0.000200292,0.071595,0.621281,0.293279,0.0135499,9.49665e-05,1.40995e-07,0.000200292,0.071595,0.621281,0.293279,0.0135499,9.49665e-05,1.40995e-07,0.000200292,0.071595,0.621281,0.293279,0.0135499,9.49665e-05,1.40995e-07
19.928292,9.59185e-05,0.0600593,0.644209,0.285644,0.00994794,4.39427e-05,3.54776e-08,9.59185e-05,0.0600593,0.644209,0.285644,0.00994794,4.39427e-05,3.54776e-08,9.59185e-05,0.0600593,0.644209,0.285644,0.00994794,4.39427e-05,3.54776e-08,9.59185e-05,0.0600593,0.644209,0.285644,0.00994794,4.39427e-05,3.54776e-08,9.59185e-05,0.0600593,0.644209,0.285644,0.00994794,4.39427e-05,3.54776e-08,9.59185e-05,0.0600593,0.644209,0.285644,0.00994794,4.39427e-05,3.54776e-08
21.817315,4.21026e-05,0.0490668,0.666908,0.276879,0.00708556,1.88848e-05,7.82035e-09,4.21026e-05,0.0490668,0.666908,0.276879,0.00708556,1.88848e-05,7.82035e-09,4.21026e-05,0.0490668,0.666908,0.276879,0.00708556,1.88848e-05,7.82035e-09,4.21026e-05,0.0490668,0.666908,0.276879,0.00708556,1.88848e-05,7.82035e-09,4.21026e-05,0.0490668,0.666908,0.276879,0.00708556,1.88848e-05,7.82035e-09,4.21026e-05,0.0490668,0.666908,0.276879,0.00708556,1.88848e-05,7.82035e-09
23.892219,1.67036e-05,0.0388493,0.689001,0.267235,0.00488972,7.49774e-06,1.49347e-09,1.67036e-05,0.0388493,0.689001,0.267235,0.00488972,7.49774e-06,1.49347e-09,1.67036e-05,0.0388493,0.689001,0.267235,0.00488972,7.49774e-06,1.49347e-09,1.67036e-05,0.0388493,0.689001,0.267235,0.00488972,7.49774e-06,1.49347e-09,1.67036e-05,0.0388493,0.689001,0.267235,0.00488972,7.49774e-06,1.49347e-09,1.67036e-05,0.0388493,0.689001,0.267235,0.00488972,7.49774e-06,1.49347e-09
26.172659,5.89336e-06,0.029641,0.710057,0.257028,0.00326581,2.73517e-06,2.44208e-10,5.89336e-06,0.029641,0.710057,0.257028,0.00326581,2.73517e-06,2.44208e-10,5.89336e-06,0.029641,0.710057,0.257028,0.00326581,2.73517e-06,2.44208e-10,5.89336e-06,0.029641,0.710057,0.257028,0.00326581,2.73517e-06,2.44208e-10,5.89336e-06,0.029641,0.710057,0.257028,0.00326581,2.73517e-06,2.44208e-10,5.89336e-06,0.029641,0.710057,0.257028,0.00326581,2.73517e-06,2.44208e-10
28.680218,1.81589e-06,0.0216554,0.729631,0.246602,0.002109,9.11587e-07,3.37622e-11,1.81589e-06,0.0216554,0.729631,0.246602,0.002109,9.11587e-07,3.37622e-11,1.81589e-06,0.0216554,0.729631,0.246602,0.002109,9.11587e-07,3.37622e-11,1.81589e-06,0.0216554,0.729631,0.246602,0.002109,9.11587e-07,3.37622e-11,1.81589e-06,0.0216554,0.729631,0.246602,0.002109,9.11587e-07,3.37622e-11,1.81589e-06,0.0216554,0.729631,0.246602,0.002109,9.11587e-07,3.37622e-11
31.438466,4.79267e-07,0.0150494,0.747337,0.236298,0.00131544,2.75827e-07,3.89195e-12,4.79267e-07,0.0150494,0.747337,0.236298,0.00131544,2.75827e-07,3.89195e-12,4.79267e-07,0.0150494,0.747337,0.236298,0.00131544,2.75827e-07,3.89195e-12,4.79267e-07,0.0150494,0.747337,0.236298,0.00131544,2.75827e-07,3.89195e-12,4.79267e-07,0.0150494,0.747337,0.236298,0.00131544,2.75827e-07,3.89195e-12,4.79267e-07,0.0150494,0.747337,0.236298,0.00131544,2.75827e-07,3.89195e-12
34.473069,1.06236e-07,0.00988369,0.762927,0.226398,0.000791241,7.52116e-08,3.68216e-13,1.06236e-07,0.00988369,0.762927,0.226398,0.000791241,7.52116e-08,3.68216e-13,1.06236e-07,0.00988369,0.762927,0.226398,0.000791241,7.52116e-08,3.68216e-13,1.06236e-07,0.00988369,0.762927,0.226398,0.000791241,7.52116e-08,3.68216e-13,1.06236e-07,0.00988369,0.762927,0.226398,0.000791241,7.52116e-08,3.68216e-13,1.06236e-07,0.00988369,0.762927,0.226398,0.000791241,7.52116e-08,3.68216e-13
37.811995,1.94024e-08,0.00609744,0.776349,0.217095,0.000457876,1.83151e-08,2.807e-14,1.94024e-08,0.00609744,0.776349,0.217095,0.000457876,1.83151e-08,2.807e-14,1.94024e-08,0.00609744,0.776349,0.217095,0.000457876,1.83151e-08,2.807e-14,1.94024e-08,0.00609744,0.776349,0.217095,0.000457876,1.83151e-08,2.807e-14,1.94024e-08,0.00609744,0.776349,0.217095,0.000457876,1.83151e-08,2.807e-14,1.94024e-08,0.00609744,0.776349,0.217095,0.000457876,1.83151e-08,2.807e-14
41.485825,2.86669e-09,0.0035145,0.78776,0.208471,0.000254016,3.93899e-09,1.68749e-15,2.86669e-09,0.0035145,0.78776,0.208471,0.000254016,3.93899e-09,1.68749e-15,2.86669e-09,0.0035145,0.78776,0.208471,0.000254016,3.93899e-09,1.68749e-15,2.86669e-09,0.0035145,0.78776,0.208471,0.000254016,3.93899e-09,1.68749e-15,2.86669e-09,0.0035145,0.78776,0.208471,0.000254016,3.93899e-09,1.68749e-15,2.86669e-09,0.0035145,0.78776,0.208471,0.000254016,3.93899e-09,1.68749e-15
45.528125,3.36583e-10,0.00188326,0.797467,0.200516,0.000134467,7.38346e-10,7.80382e-17,3.36583e-10,0.00188326,0.797467,0.200516,0.000134467,7.38346e-10,7.80382e-17,3.36583e-10,0.00188326,0.797467,0.200516,0.000134467,7.38346e-10,7.80382e-17,3.36583e-10,0.00188326,0.797467,0.200516,0.000134467,7.38346e-10,7.80382e-17,3.36583e-10,0.00188326,0.797467,0.200516,0.000134467,7.38346e-10,7.80382e-17,3.36583e-10,0.00188326,0.797467,0.200516,0.000134467,7.38346e-10,7.80382e-17
49.975831,3.08294e-11,0.000933498,0.80584,0.193159,6.75383e-05,1.18801e-10,2.69933e-18,3.08294e-11,0.000933498,0.80584,0.193159,6.75383e-05,1.18801e-10,2.69933e-18,3.08294e-11,0.000933498,0.80584,0.193159,6.75383e-05,1.18801e-10,2.69933e-18,3.08294e-11,0.000933498,0.80584,0.193159,6.75383e-05,1.18801e-10,2.69933e-18,3.08294e-11,0.000933498,0.80584,0.193159,6.75383e-05,1.18801e-10,2.69933e-18,3.08294e-11,0.000933498,0.80584,0.193159,6.75383e-05,1.18801e-10,2.69933e-18
54.869602,2.15866e-12,0.000425651,0.81323,0.186312,3.19812e-05,1.61335e-11,6.77041e-20,2.15866e-12,0.000425651,0.81323,0.186312,3.19812e-05,1.61335e-11,6.77041e-20,2.15866e-12,0.000425651,0.81323,0.186312,3.19812e-05,1.61335e-11,6.77041e-20,2.15866e-12,0.000425651,0.81323,0.186312,3.19812e-05,1.61335e-11,6.77041e-20,2.15866e-12,0.000425651,0.81323,0.186312,3.19812e-05,1.61335e-11,6.77041e-20,2.15866e-12,0.000425651,0.81323,0.186312,3.19812e-05,1.61335e-11,6.77041e-20
60.254175,1.12908e-13,0.000177376,0.819915,0.179893,1.41793e-05,1.8155e-12,1.19036e-21,1.12908e-13,0.000177376,0.819915,0.179893,1.41793e-05,1.8155e-12,1.19036e-21,1.12908e-13,0.000177376,0.819915,0.179893,1.41793e-05,1.8155e-12,1.19036e-21,1.12908e-13,0.000177376,0.819915,0.179893,1.41793e-05,1.8155e-12,1.19036e-21,1.12908e-13,0.000177376,0.819915,0.179893,1.41793e-05,1.8155e-12,1.19036e-21,1.12908e-13,0.000177376,0.819915,0.179893,1.41793e-05,1.8155e-12,1.19036e-21
66.178743,4.29646e-15,6.70331e-05,0.826087,0.17384,5.84323e-06,1.65962e-13,1.41407e-23,4.29646e-15,6.70331e-05,0.826087,0.17384,5.84323e-06,1.65962e-13,1.41407e-23,4.29646e-15,6.70331e-05,0.826087,0.17384,5.84323e-06,1.65962e-13,1.41407e-23,4.29646e-15,6.70331e-05,0.826087,0.17384,5.84323e-06,1.65962e-13,1.41407e-23,4.29646e-15,6.70331e-05,0.826087,0.17384,5.84323e-06,1.65962e-13,1.41407e-23,4.29646e-15,6.70331e-05,0.826087,0.17384,5.84323e-06,1.65962e-13,1.41407e-23
72.697381,1.15421e-16,2.27696e-05,0.831861,0.168114,2.2208e-06,1.20629e-14,1.09048e-25,1.15421e-16,2.27696e-05,0.831861,0.168114,2.2208e-06,1.20629e-14,1.09048e-25,1.15421e-16,2.27696e-05,0.831861,0.168114,2.2208e-06,1.20629e-14,1.09048e-25,1.15421e-16,2.27696e-05,0.831861,0.168114,2.2208e-06,1.20629e-14,1.09048e-25,1.15421e-16,2.27696e-05,0.831861,0.168114,2.2208e-06,1.20629e-14,1.09048e-25,1.15421e-16,2.27696e-05,0.831861,0.168114,2.2208e-06,1.20629e-14,1.09048e-25
79.869538,2.11629e-18,6.88143e-06,0.8373,0.162692,7.71958e-07,6.8109e-16,5.22586e-28,2.11629e-18,6.88143e-06,0.8373,0.162692,7.71958e-07,6.8109e-16,5.22586e-28,2.11629e-18,6.88143e-06,0.8373,0.162692,7.71958e-07,6.8109e-16,5.22586e-28,2.11629e-18,6.88143e-06,0.8373,0.162692,7.71958e-07,6.8109e-16,5.22586e-28,2.11629e-18,6.88143e-06,0.8373,0.162692,7.71958e-07,6.8109e-16,5.22586e-28,2.11629e-18,6.88143e-06,0.8373,0.162692,7.71958e-07,6.8109e-16,5.22586e-28
87.760574,2.55071e-20,1.82941e-06,0.842439,0.157559,2.43203e-07,2.91214e-17,1.48363e-30,2.55071e-20,1.82941e-06,0.842439,0.157559,2.43203e-07,2.91214e-17,1.48363e-30,2.55071e-20,1.82941e-06,0.842439,0.157559,2.43203e-07,2.91214e-17,1.48363e-30,2.55071e-20,1.82941e-06,0.842439,0.157559,2.43203e-07,2.91214e-17,1.48363e-30,2.55071e-20,1.82941e-06,0.842439,0.157559,2.43203e-07,2.91214e-17,1.48363e-30,2.55071e-20,1.82941e-06,0.842439,0.157559,2.43203e-07,2.91214e-17,1.48363e-30
96.442367,1.93862e-22,4.22446e-07,0.847292,0.152707,6.87588e-08,9.16949e-19,2.36766e-33,1.93862e-22,4.22446e-07,0.847292,0.152707,6.87588e-08,9.16949e-19,2.36766e-33,1.93862e-22,4.22446e-07,0.847292,0.152707,6.87588e-08,9.16949e-19,2.36766e-33,1.93862e-22,4.22446e-07,0.847292,0.152707,6.87588e-08,9.16949e-19,2.36766e-33,1.93862e-22,4.22446e-07,0.847292,0.152707,6.87588e-08,9.16949e-19,2.36766e-33,1.93862e-22,4.22446e-07,0.847292,0.152707,6.87588e-08,9.16949e-19,2.36766e-33
105.993971,8.87536e-25,8.35626e-08,0.851871,0.148129,1.7256e-08,2.06194e-20,2.0048e-36,8.87536e-25,8.35626e-08,0.851871,0.148129,1.7256e-08,2.06194e-20,2.0048e-36,8.87536e-25,8.35626e-08,0.851871,0.148129,1.7256e-08,2.06194e-20,2.0048e-36,8.87536e-25,8.35626e-08,0.851871,0.148129,1.7256e-08,2.06194e-20,2.0048e-36,8.87536e-25,8.35626e-08,0.851871,0.148129,1.7256e-08,2.06194e-20,2.0048e-36,8.87536e-25,8.35626e-08,0.851871,0.148129,1.7256e-08,2.06194e-20,2.0048e-36
116.502342,2.32737e-27,1.39438e-08,0.856183,0.143817,3.79839e-09,3.20136e-22,8.45286e-40,2.32737e-27,1.39438e-08,0.856183,0.143817,3.79839e-09,3.20136e-22,8.45286e-40,2.32737e-27,1.39438e-08,0.856183,0.143817,3.79839e-09,3.20136e-22,8.45286e-40,2.32737e-27,1.39438e-08,0.856183,0.143817,3.79839e-09,3.20136e-22,8.45286e-40,2.32737e-27,1.39438e-08,0.856183,0.143817,3.79839e-09,3.20136e-22,8.45286e-40,2.32737e-27,1.39438e-08,0.856183,0.143817,3.79839e-09,3.20136e-22,8.45286e-40
128.063126,3.30737e-30,1.93006e-09,0.860236,0.139764,7.23718e-10,3.3066e-24,1.65489e-43,3.30737e-30,1.93006e-09,0.860236,0.139764,7.23718e-10,3.3066e-24,1.65489e-43,3.30737e-30,1.93006e-09,0.860236,0.139764,7.23718e-10,3.3066e-24,1.65489e-43,3.30737e-30,1.93006e-09,0.860236,0.139764,7.23718e-10,3.3066e-24,1.65489e-43,3.30737e-30,1.93006e-09,0.860236,0.139764,7.23718e-10,3.3066e-24,1.65489e-43,3.30737e-30,1.93006e-09,0.860236,0.139764,7.23718e-10,3.3066e-24,1.65489e-43
140.781532,2.39663e-33,2.1754e-10,0.86404,0.13596,1.17634e-10,2.18096e-26,1.39309e-47,2.39663e-33,2.1754e-10,0.86404,0.13596,1.17634e-10,2.18096e-26,1.39309e-47,2.39663e-33,2.1754e-10,0.86404,0.13596,1.17634e-10,2.18096e-26,1.39309e-47,2.39663e-33,2.1754e-10,0.86404,0.13596,1.17634e-10,2.18096e-26,1.39309e-47,2.39663e-33,2.1754e-10,0.86404,0.13596,1.17634e-10,2.18096e-26,1.39309e-47,2.39663e-33,2.1754e-10,0.86404,0.13596,1.17634e-10,2.18096e-26,1.39309e-47
154.773289,8.28246e-37,1.95638e-11,0.867602,0.132398,1.6052e-11,8.78168e-29,4.63322e-52,8.28246e-37,1.95638e-11,0.867602,0.132398,1.6052e-11,8.78168e-29,4.63322e-52,8.28246e-37,1.95638e-11,0.867602,0.132398,1.6052e-11,8.78168e-29,4.63322e-52,8.28246e-37,1.95638e-11,0.867602,0.132398,1.6052e-11,8.78168e-29,4.63322e-52,8.28246e-37,1.95638e-11,0.867602,0.132398,1.6052e-11,8.78168e-29,4.63322e-52,8.28246e-37,1.95638e-11,0.867602,0.132398,1.6052e-11,8.78168e-29,4.63322e-52
170.165696,1.26824e-40,1.37278e-12,0.870934,0.129066,1.80676e-12,2.05424e-31,5.54695e-57,1.26824e-40,1.37278e-12,0.870934,0.129066,1.80676e-12,2.05424e-31,5.54695e-57,1.26824e-40,1.37278e-12,0.870934,0.129066,1.80676e-12,2.05424e-31,5.54695e-57,1.26824e-40,1.37278e-12,0.870934,0.129066,1.80676e-12,2.05424e-31,5.54695e-57,1.26824e-40,1.37278e-12,0.870934,0.129066,1.80676e-12,2.05424e-31,5.54695e-57,1.26824e-40,1.37278e-12,0.870934,0.129066,1.80676e-12,2.05424e-31,5.54695e-57
187.098783,7.9359e-45,7.33344e-14,0.874044,0.125956,1.64516e-13,2.64355e-34,2.15779e-62,7.9359e-45,7.33344e-14,0.874044,0.125956,1.64516e-13,2.64355e-34,2.15779e-62,7.9359e-45,7.33344e-14,0.874044,0.125956,1.64516e-13,2.64355e-34,2.15779e-62,7.9359e-45,7.33344e-14,0.874044,0.125956,1.64516e-13,2.64355e-34,2.15779e-62,7.9359e-45,7.33344e-14,0.874044,0.125956,1.64516e-13,2.64355e-34,2.15779e-62,7.9359e-45,7.33344e-14,0.874044,0.125956,1.64516e-13,2.64355e-34,2.15779e-62
205.726577,1.85655e-49,2.9029e-15,0.876943,0.123057,1.18623e-14,1.76249e-37,2.43673e-68,1.85655e-49,2.9029e-15,0.876943,0.123057,1.18623e-14,1.76249e-37,2.43673e-68,1.85655e-49,2.9029e-15,0.876943,0.123057,1.18623e-14,1.76249e-37,2.43673e-68,1.85655e-49,2.9029e-15,0.876943,0.123057,1.18623e-14,1.76249e-37,2.43673e-68,1.85655e-49,2.9029e-15,0.876943,0.123057,1.18623e-14,1.76249e-37,2.43673e-68,1.85655e-49,2.9029e-15,0.876943,0.123057,1.18623e-14,1.76249e-37,2.43673e-68
226.218507,1.47248e-54,8.26539e-17,0.879641,0.120359,6.6154e-16,5.69897e-41,7.05677e-75,1.47248e-54,8.26539e-17,0.879641,0.120359,6.6154e-16,5.69897e-41,7.05677e-75,1.47248e-54,8.26539e-17,0.879641,0.120359,6.6154e-16,5.69897e-41,7.05677e-75,1.47248e-54,8.26539e-17,0.879641,0.120359,6.6154e-16,5.69897e-41,7.05677e-75,1.47248e-54,8.26539e-17,0.879641,0.120359,6.6154e-16,5.69897e-41,7.05677e-75,1.47248e-54,8.26539e-17,0.879641,0.120359,6.6154e-16,5.69897e-41,7.05677e-75
248.760945,3.5555e-60,1.63834e-18,0.882149,0.117851,2.78053e-17,8.31099e-45,4.57268e-82,3.5555e-60,1.63834e-18,0.882149,0.117851,2.78053e-17,8.31099e-45,4.57268e-82,3.5555e-60,1.63834e-18,0.882149,0.117851,2.78053e-17,8.31099e-45,4.57268e-82,3.5555e-60,1.63834e-18,0.882149,0.117851,2.78053e-17,8.31099e-45,4.57268e-82,3.5555e-60,1.63834e-18,0.882149,0.117851,2.78053e-17,8.31099e-45,4.57268e-82,3.5555e-60,1.63834e-18,0.882149,0.117851,2.78053e-17,8.31099e-45,4.57268e-82
273.558897,2.32202e-66,2.18094e-20,0.884477,0.115523,8.56057e-19,5.0465e-49,5.7061e-90,2.32202e-66,2.18094e-20,0.884477,0.115523,8.56057e-19,5.0465e-49,5.7061e-90,2.32202e-66,2.18094e-20,0.884477,0.115523,8.56057e-19,5.0465e-49,5.7061e-90,2.32202e-66,2.18094e-20,0.884477,0.115523,8.56057e-19,5.0465e-49,5.7061e-90,2.32202e-66,2.18094e-20,0.884477,0.115523,8.56057e-19,5.0465e-49,5.7061e-90,2.32202e-66,2.18094e-20,0.884477,0.115523,8.56057e-19,5.0465e-49,5.7061e-90
300.837867,3.60101e-73,1.87414e-22,0.886635,0.113365,1.87096e-20,1.1685e-53,1.16259e-98,3.60101e-73,1.87414e-22,0.886635,0.113365,1.87096e-20,1.1685e-53,1.16259e-98,3.60101e-73,1.87414e-22,0.886635,0.113365,1.87096e-20,1.1685e-53,1.16259e-98,3.60101e-73,1.87414e-22,0.886635,0.113365,1.87096e-20,1.1685e-53,1.16259e-98,3.60101e-73,1.87414e-22,0.886635,0.113365,1.87096e-20,1.1685e-53,1.16259e-98,3.60101e-73,1.87414e-22,0.886635,0.113365,1.87096e-20,1.1685e-53,1.16259e-98
330.845909,1.14922e-80,9.95392e-25,0.888632,0.111368,2.80433e-22,9.36635e-59,3.22537e-108,1.14922e-80,9.95392e-25,0.888632,0.111368,2.80433e-22,9.36635e-59,3.22537e-108,1.14922e-80,9.95392e-25,0.888632,0.111368,2.80433e-22,9.36635e-59,3.22537e-108,1.14922e-80,9.95392e-25,0.888632,0.111368,2.80433e-22,9.36635e-59,3.22537e-108,1.14922e-80,9.95392e-25,0.888632,0.111368,2.80433e-22,9.36635e-59,3.22537e-108,1.14922e-80,9.95392e-25,0.888632,0.111368,2.80433e-22,9.36635e-59,3.22537e-108
363.855881,6.44791e-89,3.11485e-27,0.890479,0.109521,2.77533e-24,2.33674e-64,9.97828e-119,6.44791e-89,3.11485e-27,0.890479,0.109521,2.77533e-24,2.33674e-64,9.97828e-119,6.44791e-89,3.11485e-27,0.890479,0.109521,2.77533e-24,2.33674e-64,9.97828e-119,6.44791e-89,3.11485e-27,0.890479,0.109521,2.77533e-24,2.33674e-64,9.97828e-119,6.44791e-89,3.11485e-27,0.890479,0.109521,2.77533e-24,2.33674e-64,9.97828e-119,6.44791e-89,3.11485e-27,0.890479,0.109521,2.77533e-24,2.33674e-64,9.97828e-119
400.167926,5.34864e-98,5.44847e-30,0.892185,0.107815,1.73935e-26,1.61408e-70,2.76335e-130,5.34864e-98,5.44847e-30,0.892185,0.107815,1.73935e-26,1.61408e-70,2.76335e-130,5.34864e-98,5.44847e-30,0.892185,0.107815,1.73935e-26,1.61408e-70,2.76335e-130,5.34864e-98,5.44847e-30,0.892185,0.107815,1.73935e-26,1.61408e-70,2.76335e-130,5.34864e-98,5.44847e-30,0.892185,0.107815,1.73935e-26,1.61408e-70,2.76335e-130,5.34864e-98,5.44847e-30,0.892185,0.107815,1.73935e-26,1.61408e-70,2.76335e-130
440.112201,5.42161e-108,5.02761e-33,0.893759,0.106241,6.59327e-29,2.714e-77,5.37975e-143,5.42161e-108,5.02761e-33,0.893759,0.106241,6.59327e-29,2.714e-77,5.37975e-143,5.42161e-108,5.02761e-33,0.893759,0.106241,6.59327e-29,2.714e-77,5.37975e-143,5.42161e-108,5.02761e-33,0.893759,0.106241,6.59327e-29,2.714e-77,5.37975e-143,5.42161e-108,5.02761e-33,0.893759,0.106241,6.59327e-29,2.714e-77,5.37975e-143,5.42161e-108,5.02761e-33,0.893759,0.106241,6.59327e-29,2.714e-77,5.37975e-143
484.051878,5.44561e-119,2.29635e-36,0.89521,0.10479,1.4372e-31,9.64204e-85,5.6439e-157,5.44561e-119,2.29635e-36,0.89521,0.10479,1.4372e-31,9.64204e-85,5.6439e-157,5.44561e-119,2.29635e-36,0.89521,0.10479,1.4372e-31,9.64204e-85,5.6439e-157,5.44561e-119,2.29635e-36,0.89521,0.10479,1.4372e-31,9.64204e-85,5.6439e-157,5.44561e-119,2.29635e-36,0.89521,0.10479,1.4372e-31,9.64204e-85,5.6439e-157,5.44561e-119,2.29635e-36,0.89521,0.10479,1.4372e-31,9.64204e-85,5.6439e-157
532.386447,4.30392e-131,4.84035e-40,0.896545,0.103455,1.70413e-34,6.1938e-93,2.38173e-172,4.30392e-131,4.84035e-40,0.896545,0.103455,1.70413e-34,6.1938e-93,2.38173e-172,4.30392e-131,4.84035e-40,0.896545,0.103455,1.70413e-34,6.1938e-93,2.38173e-172,4.30392e-131,4.84035e-40,0.896545,0.103455,1.70413e-34,6.1938e-93,2.38173e-172,4.30392e-131,4.84035e-40,0.896545,0.103455,1.70413e-34,6.1938e-93,2.38173e-172,4.30392e-131,4.84035e-40,0.896545,0.103455,1.70413e-34,6.1938e-93,2.38173e-172
585.555347,2.07696e-144,4.35914e-44,0.897774,0.102226,1.03398e-37,6.06138e-102,2.93093e-189,2.07696e-144,4.35914e-44,0.897774,0.102226,1.03398e-37,6.06138e-102,2.93093e-189,2.07696e-144,4.35914e-44,0.897774,0.102226,1.03398e-37,6.06138e-102,2.93093e-189,2.07696e-144,4.35914e-44,0.897774,0.102226,1.03398e-37,6.06138e-102,2.93093e-189,2.07696e-144,4.35914e-44,0.897774,0.102226,1.03398e-37,6.06138e-102,2.93093e-189,2.07696e-144,4.35914e-44,0.897774,0.102226,1.03398e-37,6.06138e-102,2.93093e-189
644.041961,4.6298e-159,1.54094e-48,0.898904,0.101096,3.00158e-41,7.48457e-112,7.38346e-208,4.6298e-159,1.54094e-48,0.898904,0.101096,3.00158e-41,7.48457e-112,7.38346e-208,4.6298e-159,1.54094e-48,0.898904,0.101096,3.00158e-41,7.48457e-112,7.38346e-208,4.6298e-159,1.54094e-48,0.898904,0.101096,3.00158e-41,7.48457e-112,7.38346e-208,4.6298e-159,1.54094e-48,0.898904,0.101096,3.00158e-41,7.48457e-112,7.38346e-208,4.6298e-159,1.54094e-48,0.898904,0.101096,3.00158e-41,7.48457e-112,7.38346e-208
708.378011,3.50724e-175,1.9477e-53,0.899941,0.100059,3.87171e-45,9.47812e-123,2.58009e-228,3.50724e-175,1.9477e-53,0.899941,0.100059,3.87171e-45,9.47812e-123,2.58009e-228,3.50724e-175,1.9477e-53,0.899941,0.100059,3.87171e-45,9.47812e-123,2.58009e-228,3.50724e-175,1.9477e-53,0.899941,0.100059,3.87171e-45,9.47812e-123,2.58009e-228,3.50724e-175,1.9477e-53,0.899941,0.100059,3.87171e-45,9.47812e-123,2.58009e-228,3.50724e-175,1.9477e-53,0.899941,0.100059,3.87171e-45,9.47812e-123,2.58009e-228
779.148394,6.44167e-193,7.94406e-59,0.900893,0.0991072,2.04574e-49,9.79973e-135,8.15098e-251,6.44167e-193,7.94406e-59,0.900893,0.0991072,2.04574e-49,9.79973e-135,8.15098e-251,6.44167e-193,7.94406e-59,0.900893,0.0991072,2.04574e-49,9.79973e-135,8.15098e-251,6.44167e-193,7.94406e-59,0.900893,0.0991072,2.04574e-49,9.79973e-135,8.15098e-251,6.44167e-193,7.94406e-59,0.900893,0.0991072,2.04574e-49,9.79973e-135,8.15098e-251,6.44167e-193,7.94406e-59,0.900893,0.0991072,2.04574e-49,9.79973e-135,8.15098e-251
856.996498,1.97855e-212,9.33942e-65,0.901766,0.0982344,4.04895e-54,6.43761e-148,1.45372e-275,1.97855e-212,9.33942e-65,0.901766,0.0982344,4.04895e-54,6.43761e-148,1.45372e-275,1.97855e-212,9.33942e-65,0.901766,0.0982344,4.04895e-54,6.43761e-148,1.45372e-275,1.97855e-212,9.33942e-65,0.901766,0.0982344,4.04895e-54,6.43761e-148,1.45372e-275,1.97855e-212,9.33942e-65,0.901766,0.0982344,4.04895e-54,6.43761e-148,1.45372e-275,1.97855e-212,9.33942e-65,0.901766,0.0982344,4.04895e-54,6.43761e-148,1.45372e-275
942.630049,6.75395e-234,2.79525e-71,0.902566,0.0974345,2.72048e-59,2.03914e-162,8.7196e-303,6.75395e-234,2.79525e-71,0.902566,0.0974345,2.72048e-59,2.03914e-162,8.7196e-303,6.75395e-234,2.79525e-71,0.902566,0.0974345,2.72048e-59,2.03914e-162,8.7196e-303,6.75395e-234,2.79525e-71,0.902566,0.0974345,2.72048e-59,2.03914e-162,8.7196e-303,6.75395e-234,2.79525e-71,0.902566,0.0974345,2.72048e-59,2.03914e-162,8.7196e-303,6.75395e-234,2.79525e-71,0.902566,0.0974345,2.72048e-59,2.03914e-162,8.7196e-303
1036.827550,1.63463e-257,1.85786e-78,0.903298,0.0967019,5.56881e-65,2.29932e-178,0,1.63463e-257,1.85786e-78,0.903298,0.0967019,5.56881e-65,2.29932e-178,0,1.63463e-257,1.85786e-78,0.903298,0.0967019,5.56881e-65,2.29932e-178,0,1.63463e-257,1.85786e-78,0.903298,0.0967019,5.56881e-65,2.29932e-178,0,1.63463e-257,1.85786e-78,0.903298,0.0967019,5.56881e-65,2.29932e-178,0,1.63463e-257,1.85786e-78,0.903298,0.0967019,5.56881e-65,2.29932e-178,0
1140.445354,1.71077e-283,2.35954e-86,0.903969,0.0960314,3.08315e-71,6.6104e-196,0,1.71077e-283,2.35954e-86,0.903969,0.0960314,3.08315e-71,6.6104e-196,0,1.71077e-283,2.35954e-86,0.903969,0.0960314,3.08315e-71,6.6104e-196,0,1.71077e-283,2.35954e-86,0.903969,0.0960314,3.08315e-71,6.6104e-196,0,1.71077e-283,2.35954e-86,0.903969,0.0960314,3.08315e-71,6.6104e-196,0,1.71077e-283,2.35954e-86,0.903969,0.0960314,3.08315e-71,6.6104e-196,0
1254.425454,4.49414e-312,4.85359e-95,0.904582,0.095418,4.05024e-78,3.35649e-215,0,4.49414e-312,4.85359e-95,0.904582,0.095418,4.05024e-78,3.35649e-215,0,4.49414e-312,4.85359e-95,0.904582,0.095418,4.05024e-78,3.35649e-215,0,4.49414e-312,4.85359e-95,0.904582,0.095418,4.05024e-78,3.35649e-215,0,4.49414e-312,4.85359e-95,0.904582,0.095418,4.05024e-78,3.35649e-215,0,4.49414e-312,4.85359e-95,0.904582,0.095418,4.05024e-78,3.35649e-215,0
1379.804041,0,1.34814e-104,0.905143,0.0948572,1.09314e-85,2.00997e-236,0,0,1.34814e-104,0.905143,0.0948572,1.09314e-85,2.00997e-236,0,0,1.34814e-104,0.905143,0.0948572,1.09314e-85,2.00997e-236,0,0,1.34814e-104,0.905143,0.0948572,1.09314e-85,2.00997e-236,0,0,1.34814e-104,0.905143,0.0948572,1.09314e-85,2.00997e-236,0,0,1.34814e-104,0.905143,0.0948572,1.09314e-85,2.00997e-236,0
1517.720928,0,4.13957e-115,0.905655,0.0943446,5.17354e-94,9.10377e-260,0,0,4.13957e-115,0.905655,0.0943446,5.17354e-94,9.10377e-260,0,0,4.13957e-115,0.905655,0.0943446,5.17354e-94,9.10377e-260,0,0,4.13957e-115,0.905655,0.0943446,5.17354e-94,9.10377e-260,0,0,4.13957e-115,0.905655,0.0943446,5.17354e-94,9.10377e-260,0,0,4.13957e-115,0.905655,0.0943446,5.17354e-94,9.10377e-260,0
1669.429914,0,1.12757e-126,0.906124,0.0938764,3.60699e-103,1.91327e-285,0,0,1.12757e-126,0.906124,0.0938764,3.60699e-103,1.91327e-285,0,0,1.12757e-126,0.906124,0.0938764,3.60699e-103,1.91327e-285,0,0,1.12757e-126,0.906124,0.0938764,3.60699e-103,1.91327e-285,0,0,1.12757e-126,0.906124,0.0938764,3.60699e-103,1.91327e-285,0,0,1.12757e-126,0.906124,0.0938764,3.60699e-103,1.91327e-285,0
1836.310176,0,2.13871e-139,0.906551,0.0934488,3.05854e-113,1.09002e-313,0,0,2.13871e-139,0.906551,0.0934488,3.05854e-113,1.09002e-313,0,0,2.13871e-139,0.906551,0.0934488,3.05854e-113,1.09002e-313,0,0,2.13871e-139,0.906551,0.0934488,3.05854e-113,1.09002e-313,0,0,2.13871e-139,0.906551,0.0934488,3.05854e-113,1.09002e-313,0,0,2.13871e-139,0.906551,0.0934488,3.05854e-113,1.09002e-313,0
2019.878813,0,2.16432e-153,0.906941,0.0930586,2.55472e-124,0,0,0,2.16432e-153,0.906941,0.0930586,2.55472e-124,0,0,0,2.16432e-153,0.906941,0.0930586,2.55472e-124,0,0,0,2.16432e-153,0.906941,0.0930586,2.55472e-124,0,0,0,2.16432e-153,0.906941,0.0930586,2.55472e-124,0,0,0,2.16432e-153,0.906941,0.0930586,2.55472e-124,0,0
2221.804635,0,8.71807e-169,0.907298,0.0927025,1.66697e-136,0,0,0,8.71807e-169,0.907298,0.0927025,1.66697e-136,0,0,0,8.71807e-169,0.907298,0.0927025,1.66697e-136,0,0,0,8.71807e-169,0.907298,0.0927025,1.66697e-136,0,0,0,8.71807e-169,0.907298,0.0927025,1.66697e-136,0,0,0,8.71807e-169,0.907298,0.0927025,1.66697e-136,0,0
2443.923334,0,1.01272e-185,0.907622,0.0923776,6.58414e-150,0,0,0,1.01272e-185,0.907622,0.0923776,6.58414e-150,0,0,0,1.01272e-185,0.907622,0.0923776,6.58414e-150,0,0,0,1.01272e-185,0.907622,0.0923776,6.58414e-150,0,0,0,1.01272e-185,0.907622,0.0923776,6.58414e-150,0,0,0,1.01272e-185,0.907622,0.0923776,6.58414e-150,0,0
2688.254175,0,2.37995e-204,0.907919,0.0920814,1.18908e-164,0,0,0,2.37995e-204,0.907919,0.0920814,1.18908e-164,0,0,0,2.37995e-204,0.907919,0.0920814,1.18908e-164,0,0,0,2.37995e-204,0.907919,0.0920814,1.18908e-164,0,0,0,2.37995e-204,0.907919,0.0920814,1.18908e-164,0,0,0,2.37995e-204,0.907919,0.0920814,1.18908e-164,0,0
2957.018351,0,7.66125e-225,0.908189,0.0918113,7.21166e-181,0,0,0,7.66125e-225,0.908189,0.0918113,7.21166e-181,0,0,0,7.66125e-225,0.908189,0.0918113,7.21166e-181,0,0,0,7.66125e-225,0.908189,0.0918113,7.21166e-181,0,0,0,7.66125e-225,0.908189,0.0918113,7.21166e-181,0,0,0,7.66125e-225,0.908189,0.0918113,7.21166e-181,0,0
3252.659173,0,2.19982e-247,0.908435,0.0915652,1.04604e-198,0,0,0,2.19982e-247,0.908435,0.0915652,1.04604e-198,0,0,0,2.19982e-247,0.908435,0.0915652,1.04604e-198,0,0,0,2.19982e-247,0.908435,0.0915652,1.04604e-198,0,0,0,2.19982e-247,0.908435,0.0915652,1.04604e-198,0,0,0,2.19982e-247,0.908435,0.0915652,1.04604e-198,0,0
3577.864287,0,3.51483e-272,0.908659,0.0913409,2.49797e-218,0,0,0,3.51483e-272,0.908659,0.0913409,2.49797e-218,0,0,0,3.51483e-272,0.908659,0.0913409,2.49797e-218,0,0,0,3.51483e-272,0.908659,0.0913409,2.49797e-218,0,0,0,3.51483e-272,0.908659,0.0913409,2.49797e-218,0,0,0,3.51483e-272,0.908659,0.0913409,2.49797e-218,0,0
3935.590105,0,1.85961e-299,0.908863,0.0911365,6.51285e-240,0,0,0,1.85961e-299,0.908863,0.0911365,6.51285e-240,0,0,0,1.85961e-299,0.908863,0.0911365,6.51285e-240,0,0,0,1.85961e-299,0.908863,0.0911365,6.51285e-240,0,0,0,1.85961e-299,0.908863,0.0911365,6.51285e-240,0,0,0,1.85961e-299,0.908863,0.0911365,6.51285e-240,0,0
4329.088682,0,0,0.90905,0.0909504,1.18e-263,0,0,0,0,0.90905,0.0909504,1.18e-263,0,0,0,0,0.90905,0.0909504,1.18e-263,0,0,0,0,0.90905,0.0909504,1.18e-263,0,0,0,0,0.90905,0.0909504,1.18e-263,0,0,0,0,0.90905,0.0909504,1.18e-263,0,0
4761.937277,0,0,0.909219,0.0907808,9.03843e-290,0,0,0,0,0.909219,0.0907808,9.03843e-290,0,0,0,0,0.909219,0.0907808,9.03843e-290,0,0,0,0,0.909219,0.0907808,9.03843e-290,0,0,0,0,0.909219,0.0907808,9.03843e-290,0,0,0,0,0.909219,0.0907808,9.03843e-290,0,0
5238.070880,0,0,0.909374,0.0906264,1.69427e-318,0,0,0,0,0.909374,0.0906264,1.69427e-318,0,0,0,0,0.909374,0.0906264,1.69427e-318,0,0,0,0,0.909374,0.0906264,1.69427e-318,0,0,0,0,0.909374,0.0906264,1.69427e-318,0,0,0,0,0.909374,0.0906264,1.69427e-318,0,0
5761.817978,0,0,0.909514,0.0904859,0,0,0,0,0,0.909514,0.0904859,0,0,0,0,0,0.909514,0.0904859,0,0,0,0,0,0.909514,0.0904859,0,0,0,0,0,0.909514,0.0904859,0,0,0,0,0,0.909514,0.0904859,0,0,0
6337.939909,0,0,0.909642,0.0903579,0,0,0,0,0,0.909642,0.0903579,0,0,0,0,0,0.909642,0.0903579,0,0,0,0,0,0.909642,0.0903579,0,0,0,0,0,0.909642,0.0903579,0,0,0,0,0,0.909642,0.0903579,0,0,0
6971.674146,0,0,0.909759,0.0902415,0,0,0,0,0,0.909759,0.0902415,0,0,0,0,0,0.909759,0.0902415,0,0,0,0,0,0.909759,0.0902415,0,0,0,0,0,0.909759,0.0902415,0,0,0,0,0,0.909759,0.0902415,0,0,0
7668.781909,0,0,0.909865,0.0901355,0,0,0,0,0,0.909865,0.0901355,0,0,0,0,0,0.909865,0.0901355,0,0,0,0,0,0.909865,0.0901355,0,0,0,0,0,0.909865,0.0901355,0,0,0,0,0,0.909865,0.0901355,0,0,0
8435.600543,0,0,0.909961,0.090039,0,0,0,0,0,0.909961,0.090039,0,0,0,0,0,0.909961,0.090039,0,0,0,0,0,0.909961,0.090039,0,0,0,0,0,0.909961,0.090039,0,0,0,0,0,0.909961,0.090039,0,0,0
9279.101125,0,0,0.910049,0.0899512,0,0,0,0,0,0.910049,0.0899512,0,0,0,0,0,0.910049,0.0899512,0,0,0,0,0,0.910049,0.0899512,0,0,0,0,0,0.910049,0.0899512,0,0,0,0,0,0.910049,0.0899512,0,0,0
10206.951844,0,0,0.910129,0.0898714,0,0,0,0,0,0.910129,0.0898714,0,0,0,0,0,0.910129,0.0898714,0,0,0,0,0,0.910129,0.0898714,0,0,0,0,0,0.910129,0.0898714,0,0,0,0,0,0.910129,0.0898714,0,0,0
11227.587706,0,0,0.910201,0.0897987,0,0,0,0,0,0.910201,0.0897987,0,0,0,0,0,0.910201,0.0897987,0,0,0,0,0,0.910201,0.0897987,0,0,0,0,0,0.910201,0.0897987,0,0,0,0,0,0.910201,0.0897987,0,0,0
12350.287218,0,0,0.910267,0.0897326,0,0,0,0,0,0.910267,0.0897326,0,0,0,0,0,0.910267,0.0897326,0,0,0,0,0,0.910267,0.0897326,0,0,0,0,0,0.910267,0.0897326,0,0,0,0,0,0.910267,0.0897326,0,0,0
13585.256742,0,0,0.910328,0.0896725,0,0,0,0,0,0.910328,0.0896725,0,0,0,0,0,0.910328,0.0896725,0,0,0,0,0,0.910328,0.0896725,0,0,0,0,0,0.910328,0.0896725,0,0,0,0,0,0.910328,0.0896725,0,0,0
14943.723271,0,0,0.910382,0.0896178,0,0,0,0,0,0.910382,0.0896178,0,0,0,0,0,0.910382,0.0896178,0,0,0,0,0,0.910382,0.0896178,0,0,0,0,0,0.910382,0.0896178,0,0,0,0,0,0.910382,0.0896178,0,0,0
16438.036503,0,0,0.910432,0.089568,0,0,0,0,0,0.910432,0.089568,0,0,0,0,0,0.910432,0.089568,0,0,0,0,0,0.910432,0.089568,0,0,0,0,0,0.910432,0.089568,0,0,0,0,0,0.910432,0.089568,0,0,0
18081.781102,0,0,0.910477,0.0895228,0,0,0,0,0,0.910477,0.0895228,0,0,0,0,0,0.910477,0.0895228,0,0,0,0,0,0.910477,0.0895228,0,0,0,0,0,0.910477,0.0895228,0,0,0,0,0,0.910477,0.0895228,0,0,0
19889.900202,0,0,0.910518,0.0894816,0,0,0,0,0,0.910518,0.0894816,0,0,0,0,0,0.910518,0.0894816,0,0,0,0,0,0.910518,0.0894816,0,0,0,0,0,0.910518,0.0894816,0,0,0,0,0,0.910518,0.0894816,0,0,0
21878.831249,0,0,0.910556,0.0894442,0,0,0,0,0,0.910556,0.0894442,0,0,0,0,0,0.910556,0.0894442,0,0,0,0,0,0.910556,0.0894442,0,0,0,0,0,0.910556,0.0894442,0,0,0,0,0,0.910556,0.0894442,0,0,0
24066.655435,0,0,0.91059,0.0894101,0,0,0,0,0,0.91059,0.0894101,0,0,0,0,0,0.91059,0.0894101,0,0,0,0,0,0.91059,0.0894101,0,0,0,0,0,0.91059,0.0894101,0,0,0,0,0,0.91059,0.0894101,0,0,0
26473.262070,0,0,0.910621,0.0893792,0,0,0,0,0,0.910621,0.0893792,0,0,0,0,0,0.910621,0.0893792,0,0,0,0,0,0.910621,0.0893792,0,0,0,0,0,0.910621,0.0893792,0,0,0,0,0,0.910621,0.0893792,0,0,0
29120.529396,0,0,0.910649,0.089351,0,0,0,0,0,0.910649,0.089351,0,0,0,0,0,0.910649,0.089351,0,0,0,0,0,0.910649,0.089351,0,0,0,0,0,0.910649,0.089351,0,0,0,0,0,0.910649,0.089351,0,0,0
32032.523480,0,0,0.910675,0.0893254,0,0,0,0,0,0.910675,0.0893254,0,0,0,0,0,0.910675,0.0893254,0,0,0,0,0,0.910675,0.0893254,0,0,0,0,0,0.910675,0.0893254,0,0,0,0,0,0.910675,0.0893254,0,0,0
35235.716996,0,0,0.910698,0.0893022,0,0,0,0,0,0.910698,0.0893022,0,0,0,0,0,0.910698,0.0893022,0,0,0,0,0,0.910698,0.0893022,0,0,0,0,0,0.910698,0.0893022,0,0,0,0,0,0.910698,0.0893022,0,0,0
38759.229884,0,0,0.910719,0.089281,0,0,0,0,0,0.910719,0.089281,0,0,0,0,0,0.910719,0.089281,0,0,0,0,0,0.910719,0.089281,0,0,0,0,0,0.910719,0.089281,0,0,0,0,0,0.910719,0.089281,0,0,0
42635.094080,0,0,0.910738,0.0892618,0,0,0,0,0,0.910738,0.0892618,0,0,0,0,0,0.910738,0.0892618,0,0,0,0,0,0.910738,0.0892618,0,0,0,0,0,0.910738,0.0892618,0,0,0,0,0,0.910738,0.0892618,0,0,0
46898.544714,0,0,0.910756,0.0892443,0,0,0,0,0,0.910756,0.0892443,0,0,0,0,0,0.910756,0.0892443,0,0,0,0,0,0.910756,0.0892443,0,0,0,0,0,0.910756,0.0892443,0,0,0,0,0,0.910756,0.0892443,0,0,0
51588.340427,0,0,0.910772,0.0892283,0,0,0,0,0,0.910772,0.0892283,0,0,0,0,0,0.910772,0.0892283,0,0,0,0,0,0.910772,0.0892283,0,0,0,0,0,0.910772,0.0892283,0,0,0,0,0,0.910772,0.0892283,0,0,0
56747.115725,0,0,0.910786,0.0892139,0,0,0,0,0,0.910786,0.0892139,0,0,0,0,0,0.910786,0.0892139,0,0,0,0,0,0.910786,0.0892139,0,0,0,0,0,0.910786,0.0892139,0,0,0,0,0,0.910786,0.0892139,0,0,0
62421.768566,0,0,0.910799,0.0892007,0,0,0,0,0,0.910799,0.0892007,0,0,0,0,0,0.910799,0.0892007,0,0,0,0,0,0.910799,0.0892007,0,0,0,0,0,0.910799,0.0892007,0,0,0,0,0,0.910799,0.0892007,0,0,0
68663.886704,0,0,0.910811,0.0891888,0,0,0,0,0,0.910811,0.0891888,0,0,0,0,0,0.910811,0.0891888,0,0,0,0,0,0.910811,0.0891888,0,0,0,0,0,0.910811,0.0891888,0,0,0,0,0,0.910811,0.0891888,0,0,0
75530.216665,0,0,0.910822,0.0891779,0,0,0,0,0,0.910822,0.0891779,0,0,0,0,0,0.910822,0.0891779,0,0,0,0,0,0.910822,0.0891779,0,0,0,0,0,0.910822,0.0891779,0,0,0,0,0,0.910822,0.0891779,0,0,0
83083.179633,0,0,0.910832,0.089168,0,0,0,0,0,0.910832,0.089168,0,0,0,0,0,0.910832,0.089168,0,0,0,0,0,0.910832,0.089168,0,0,0,0,0,0.910832,0.089168,0,0,0,0,0,0.910832,0.089168,0,0,0
91391.438907,0,0,0.910841,0.089159,0,0,0,0,0,0.910841,0.089159,0,0,0,0,0,0.910841,0.089159,0,0,0,0,0,0.910841,0.089159,0,0,0,0,0,0.910841,0.089159,0,0,0,0,0,0.910841,0.089159,0,0,0
100530.524117,0,0,0.910849,0.0891508,0,0,0,0,0,0.910849,0.0891508,0,0,0,0,0,0.910849,0.0891508,0,0,0,0,0,0.910849,0.0891508,0,0,0,0,0,0.910849,0.0891508,0,0,0,0,0,0.910849,0.0891508,0,0,0
110583.517854,0,0,0.910857,0.0891434,0,0,0,0,0,0.910857,0.0891434,0,0,0,0,0,0.910857,0.0891434,0,0,0,0,0,0.910857,0.0891434,0,0,0,0,0,0.910857,0.0891434,0,0,0,0,0,0.910857,0.0891434,0,0,0
121641.810972,0,0,0.910863,0.0891367,0,0,0,0,0,0.910863,0.0891367,0,0,0,0,0,0.910863,0.0891367,0,0,0,0,0,0.910863,0.0891367,0,0,0,0,0,0.910863,0.0891367,0,0,0,0,0,0.910863,0.0891367,0,0,0
133805.933408,0,0,0.910869,0.0891305,0,0,0,0,0,0.910869,0.0891305,0,0,0,0,0,0.910869,0.0891305,0,0,0,0,0,0.910869,0.0891305,0,0,0,0,0,0.910869,0.0891305,0,0,0,0,0,0.910869,0.0891305,0,0,0
147186.468094,0,0,0.910875,0.0891249,0,0,0,0,0,0.910875,0.0891249,0,0,0,0,0,0.910875,0.0891249,0,0,0,0,0,0.910875,0.0891249,0,0,0,0,0,0.910875,0.0891249,0,0,0,0,0,0.910875,0.0891249,0,0,0
161905.056253,0,0,0.91088,0.0891199,0,0,0,0,0,0.91088,0.0891199,0,0,0,0,0,0.91088,0.0891199,0,0,0,0,0,0.91088,0.0891199,0,0,0,0,0,0.91088,0.0891199,0,0,0,0,0,0.91088,0.0891199,0,0,0
178095.503232,0,0,0.910885,0.0891152,0,0,0,0,0,0.910885,0.0891152,0,0,0,0,0,0.910885,0.0891152,0,0,0,0,0,0.910885,0.0891152,0,0,0,0,0,0.910885,0.0891152,0,0,0,0,0,0.910885,0.0891152,0,0,0
195904.994914,0,0,0.910889,0.089111,0,0,0,0,0,0.910889,0.089111,0,0,0,0,0,0.910889,0.089111,0,0,0,0,0,0.910889,0.089111,0,0,0,0,0,0.910889,0.089111,0,0,0,0,0,0.910889,0.089111,0,0,0
215495.435767,0,0,0.910893,0.0891072,0,0,0,0,0,0.910893,0.0891072,0,0,0,0,0,0.910893,0.0891072,0,0,0,0,0,0.910893,0.0891072,0,0,0,0,0,0.910893,0.0891072,0,0,0,0,0,0.910893,0.0891072,0,0,0
237044.920709,0,0,0.910896,0.0891038,0,0,0,0,0,0.910896,0.0891038,0,0,0,0,0,0.910896,0.0891038,0,0,0,0,0,0.910896,0.0891038,0,0,0,0,0,0.910896,0.0891038,0,0,0,0,0,0.910896,0.0891038,0,0,0
260749.354149,0,0,0.910899,0.0891006,0,0,0,0,0,0.910899,0.0891006,0,0,0,0,0,0.910899,0.0891006,0,0,0,0,0,0.910899,0.0891006,0,0,0,0,0,0.910899,0.0891006,0,0,0,0,0,0.910899,0.0891006,0,0,0
286824.230936,0,0,0.910902,0.0890978,0,0,0,0,0,0.910902,0.0890978,0,0,0,0,0,0.910902,0.0890978,0,0,0,0,0,0.910902,0.0890978,0,0,0,0,0,0.910902,0.0890978,0,0,0,0,0,0.910902,0.0890978,0,0,0
315506.595404,0,0,0.910905,0.0890951,0,0,0,0,0,0.910905,0.0890951,0,0,0,0,0,0.910905,0.0890951,0,0,0,0,0,0.910905,0.0890951,0,0,0,0,0,0.910905,0.0890951,0,0,0,0,0,0.910905,0.0890951,0,0,0
347057.196321,0,0,0.910907,0.0890928,0,0,0,0,0,0.910907,0.0890928,0,0,0,0,0,0.910907,0.0890928,0,0,0,0,0,0.910907,0.0890928,0,0,0,0,0,0.910907,0.0890928,0,0,0,0,0,0.910907,0.0890928,0,0,0
381762.857331,0,0,0.910909,0.0890906,0,0,0,0,0,0.910909,0.0890906,0,0,0,0,0,0.910909,0.0890906,0,0,0,0,0,0.910909,0.0890906,0,0,0,0,0,0.910909,0.0890906,0,0,0,0,0,0.910909,0.0890906,0,0,0
419939.084445,0,0,0.910911,0.0890887,0,0,0,0,0,0.910911,0.0890887,0,0,0,0,0,0.910911,0.0890887,0,0,0,0,0,0.910911,0.0890887,0,0,0,0,0,0.910911,0.0890887,0,0,0,0,0,0.910911,0.0890887,0,0,0
461932.934272,0,0,0.910913,0.0890869,0,0,0,0,0,0.910913,0.0890869,0,0,0,0,0,0.910913,0.0890869,0,0,0,0,0,0.910913,0.0890869,0,0,0,0,0,0.910913,0.0890869,0,0,0,0,0,0.910913,0.0890869,0,0,0
508126.169084,0,0,0.910915,0.0890853,0,0,0,0,0,0.910915,0.0890853,0,0,0,0,0,0.910915,0.0890853,0,0,0,0,0,0.910915,0.0890853,0,0,0,0,0,0.910915,0.0890853,0,0,0,0,0,0.910915,0.0890853,0,0,0
558938.727378,0,0,0.910916,0.0890838,0,0,0,0,0,0.910916,0.0890838,0,0,0,0,0,0.910916,0.0890838,0,0,0,0,0,0.910916,0.0890838,0,0,0,0,0,0.910916,0.0890838,0,0,0,0,0,0.910916,0.0890838,0,0,0
614832.541502,0,0,0.910918,0.0890825,0,0,0,0,0,0.910918,0.0890825,0,0,0,0,0,0.910918,0.0890825,0,0,0,0,0,0.910918,0.0890825,0,0,0,0,0,0.910918,0.0890825,0,0,0,0,0,0.910918,0.0890825,0,0,0
676315.737041,0,0,0.910919,0.0890812,0,0,0,0,0,0.910919,0.0890812,0,0,0,0,0,0.910919,0.0890812,0,0,0,0,0,0.910919,0.0890812,0,0,0,0,0,0.910919,0.0890812,0,0,0,0,0,0.910919,0.0890812,0,0,0
743947.252134,0,0,0.91092,0.0890801,0,0,0,0,0,0.91092,0.0890801,0,0,0,0,0,0.91092,0.0890801,0,0,0,0,0,0.91092,0.0890801,0,0,0,0,0,0.91092,0.0890801,0,0,0,0,0,0.91092,0.0890801,0,0,0
818341.918738,0,0,0.910921,0.0890791,0,0,0,0,0,0.910921,0.0890791,0,0,0,0,0,0.910921,0.0890791,0,0,0,0,0,0.910921,0.0890791,0,0,0,0,0,0.910921,0.0890791,0,0,0,0,0,0.910921,0.0890791,0,0,0
900176.052002,0,0,0.910922,0.0890782,0,0,0,0,0,0.910922,0.0890782,0,0,0,0,0,0.910922,0.0890782,0,0,0,0,0,0.910922,0.0890782,0,0,0,0,0,0.910922,0.0890782,0,0,0,0,0,0.910922,0.0890782,0,0,0
990193.598595,0,0,0.910923,0.0890774,0,0,0,0,0,0.910923,0.0890774,0,0,0,0,0,0.910923,0.0890774,0,0,0,0,0,0.910923,0.0890774,0,0,0,0,0,0.910923,0.0890774,0,0,0,0,0,0.910923,0.0890774,0,0,0
1089212.899847,0,0,0.910923,0.0890766,0,0,0,0,0,0.910923,0.0890766,0,0,0,0,0,0.910923,0.0890766,0,0,0,0,0,0.910923,0.0890766,0,0,0,0,0,0.910923,0.0890766,0,0,0,0,0,0.910923,0.0890766,0,0,0
